0.10193391707563 1 BN 147.5 8.5 4.5
0.103305190316993 19 BN -65.5 14.5 -12.5
0.103868291304408 9 BN 126.5 22.5 -8.5
0.106629600265502 4 BN 36.5 -2.5 3.5
0.107015656932119 5 BN 112.5 8.5 -20.5
0.108578496334025 19 FN -63.5 9.5 -14.5
0.110735489373475 15 BN 130.5 2.5 -14.5
0.114579791395857 13 FN -3.5 12.5 1.5
0.115785233946563 19 BN -49.5 -17.5 -13.5
0.117271363947396 3 BN -106.5 11.5 12.5
0.119917540708835 9 FN 124.5 19.5 -13.5
0.119944623948258 10 FN -82.5 -16.5 -17.5
0.120162563555705 16 FN -12.5 -8.5 12.5
0.12048139826267 9 BN 118.5 7.5 -17.5
0.120809188521598 5 FN 116.5 8.5 -22.5
0.121486006224336 15 FN 131.5 6.5 -16.5
0.123108265951119 13 BN -18.5 6.5 -18.5
0.123630187930688 11 FN 9.5 0.5 -2.5
0.126923555394522 1 FN 153.5 13.5 -2.5
0.12702715020782 19 FN -44.5 -19.5 -12.5
0.12820368378161 16 BN -23.5 19.5 -14.5
0.129697891769422 6 FN -41.5 18.5 9.5
0.129744161206502 2 BN 109.5 -21.5 -12.5
0.130898975479842 6 BN -58.5 8.5 6.5
0.1336549035064 10 BN -36.5 -2.5 -18.5
0.133934933103071 7 FN 93.5 1.5 -9.5
0.13429787604459 3 FN -109.5 16.5 19.5
0.136300481776951 9 FN 115.5 8.5 -6.5
0.138359656428231 12 FN -127.5 4.5 -21.5
0.138407584827788 14 BN 76.5 -0.5 -18.5
0.139621619572178 6 FN -50.5 8.5 10.5
0.141507179594329 19 BN 18.5 14.5 13.5
0.141969740279005 1 BN 101.5 18.5 -18.5
0.147899524033602 2 FN 100.5 -18.5 -8.5
0.151041255320753 1 FN 104.5 14.5 -19.5
0.152283655094604 6 BN -84.5 -19.5 -0.5
0.153179194864364 6 FN -84.5 -19.5 -2.5
0.154054117383122 1 BN 70.5 11.5 -22.5
0.154128242553697 16 FN -30.5 11.5 -10.5
0.154405885045424 7 BN -13.5 0.5 2.5
0.154942970441112 1 FN 71.5 14.5 -22.5
0.155039112935094 14 FN 74.5 -5.5 -23.5
0.155466223114885 4 FN 38.5 -10.5 20.5
0.155620487473067 9 BN 112.5 -9.5 -20.5
0.157363219654136 7 FN -8.5 -0.5 1.5
0.158094498436878 20 BN -140.5 13.5 -8.5
0.163506336466089 13 FN -23.5 5.5 -19.5
0.164616145456131 19 FN 13.5 10.5 12.5
0.164894982472353 20 FN -141.5 12.5 -9.5
0.16663041088485 19 BN 24.5 17.5 4.5
0.171278139699374 10 FN -28.5 2.5 -23.5
0.172165511497559 10 BN -39.5 7.5 -22.5
0.174971672855069 6 BN -59.5 16.5 -11.5
0.175132312405009 6 FN -58.5 16.5 -11.5
0.176451299821285 20 BN -107.5 3.5 7.5
0.183182487713137 1 BN 111.5 -18.5 -18.5
0.184459663227561 10 FN -37.5 18.5 -18.5
0.186883413971131 1 FN 111.5 -16.5 -17.5
0.187111845527519 6 BN -74.5 -11.5 -18.5
0.189112212545974 9 FN 109.5 1.5 -21.5
0.190255021377177 18 BN -124.5 5.5 2.5
0.190435432570185 20 FN -109.5 0.5 9.5
0.190436870619101 2 BN 87.5 5.5 14.5
0.190966913415224 9 BN 91.5 1.5 -6.5
0.192544961134043 5 BN 109.5 -1.5 -4.5
0.19629870374534 2 FN 86.5 7.5 18.5
0.203028721630984 15 BN -17.5 8.5 10.5
0.204139316436813 19 FN 28.5 17.5 5.5
0.20583098820055 6 FN -74.5 -22.5 -17.5
0.205866192564381 2 BN 102.5 15.5 2.5
0.210196222680361 15 FN -16.5 15.5 2.5
0.210978078064064 2 FN 108.5 12.5 3.5
0.212764246940874 5 FN 104.5 12.5 -11.5
0.213071987953143 8 BN -46.5 -20.5 -13.5
0.213849851402348 8 FN -43.5 -20.5 -14.5
0.21598844575224 13 BN -40.5 -14.5 2.5
0.216572793273041 9 FN 92.5 5.5 -6.5
0.216908580960837 15 BN -87.5 -24.5 8.5
0.217936902960365 20 BN -102.5 12.5 -22.5
0.221273866808293 10 BN -68.5 26.5 3.5
0.224917920437013 9 BN 84.5 -6.5 2.5
0.226750131708744 13 FN -43.5 -9.5 2.5
0.22853971875496 10 FN -66.5 26.5 3.5
0.229919687183342 13 BN -35.5 -17.5 -11.5
0.233731036108156 5 BN 112.5 8.5 -12.5
0.240891428183918 9 FN 75.5 -11.5 16.5
0.243500133942351 7 BN -11.5 4.5 15.5
0.244893575857277 5 FN 114.5 11.5 -5.5
0.251414857441824 16 BN 97.5 -24.5 -9.5
0.252981546852636 15 FN -84.5 -17.5 16.5
0.253130413900884 13 FN -42.5 -20.5 -15.5
0.253305326706377 2 BN 117.5 -6.5 2.5
0.253382187772931 19 BN 46.5 -16.5 8.5
0.254024226056592 19 FN 48.5 -17.5 8.5
0.25407332361689 16 FN 96.5 -21.5 -9.5
0.254266669994084 4 BN 30.5 -0.5 21.5
0.255510497227659 18 FN -133.5 4.5 1.5
0.25733697671793 19 BN 85.5 -21.5 9.5
0.257594865913489 2 FN 115.5 -4.5 3.5
0.261447834446509 20 FN -85.5 26.5 -9.5
0.26361593752988 3 BN -139.5 -13.5 -6.5
0.264004515037417 19 FN 84.5 -21.5 11.5
0.26409618887751 7 FN -12.5 12.5 6.5
0.264177633294571 13 BN -83.5 1.5 -18.5
0.264276522620427 13 FN -83.5 1.5 -18.5
0.268046936987261 5 BN 89.5 13.5 -8.5
0.268919892759176 16 BN 140.5 -10.5 -3.5
0.272055640717972 13 BN -77.5 -1.5 -27.5
0.273806750356823 18 BN -76.5 19.5 2.5
0.275215261885208 18 FN -78.5 20.5 3.5
0.279337793368144 19 BN 107.5 -21.5 6.5
0.279768834253796 20 BN 15.5 -13.5 11.5
0.282538456129698 3 FN -146.5 -16.5 -1.5
0.282658123551536 20 FN 19.5 -14.5 10.5
0.28318591480441 5 FN 86.5 10.5 -9.5
0.285761232527455 13 FN -72.5 7.5 -25.5
0.287683579136073 19 FN 98.5 -18.5 3.5
0.288835428818994 5 BN 48.5 6.5 -16.5
0.289083665884095 19 BN 83.5 -4.5 -8.5
0.289163081486249 16 FN 138.5 -5.5 -1.5
0.290029696281068 20 BN 88.5 12.5 17.5
0.291249810516134 5 FN 50.5 4.5 -9.5
0.293039397726436 2 BN 108.5 19.5 2.5
0.29414442128349 16 BN 86.5 4.5 24.5
0.296667690234757 11 BN 92.5 -1.5 -4.5
0.297221725205513 4 FN 33.5 -6.5 19.5
0.29759560581144 4 BN 34.5 -4.5 13.5
0.299018925520666 16 FN 80.5 1.5 25.5
0.301605271792965 19 FN 91.5 2.5 -5.5
0.303162033519473 2 FN 107.5 22.5 2.5
0.30502416697361 10 BN -48.5 5.5 11.5
0.30756858220348 9 BN 108.5 4.5 -20.5
0.307891998997263 4 FN 37.5 -4.5 8.5
0.30812709818485 10 FN -50.5 2.5 11.5
0.312135027565695 20 FN 93.5 6.5 20.5
0.314310718819691 18 BN -18.5 4.5 3.5
0.31461804945914 5 BN 115.5 4.5 25.5
0.315442400868656 8 BN -39.5 -11.5 -8.5
0.31560390958646 18 FN -19.5 4.5 2.5
0.318509247973883 16 BN 143.5 9.5 9.5
0.320463978973051 5 FN 121.5 4.5 22.5
0.320754122528172 8 FN -34.5 -9.5 -8.5
0.323616266083821 8 BN -3.5 -12.5 -8.5
0.324794463757345 3 BN -138.5 -4.5 19.5
0.326420350814065 16 FN 146.5 5.5 14.5
0.326466412588201 16 BN 144.5 2.5 10.5
0.326988127821145 9 FN 110.5 -5.5 -22.5
0.327997779309252 17 BN -70.5 3.5 0.5
0.329964035071679 17 FN -69.5 -0.5 0.5
0.33089107836156 17 BN -69.5 -11.5 -11.5
0.33099805888619 18 BN -3.5 9.5 -7.5
0.332991238212335 13 BN 4.5 -13.5 6.5
0.334031445972167 17 FN -66.5 -15.5 -8.5
0.335091528021306 2 BN 135.5 7.5 -20.5
0.337155383638912 2 FN 134.5 10.5 -17.5
0.337359083852057 10 BN -16.5 -22.5 -2.5
0.337844904613795 3 FN -141.5 -5.5 16.5
0.337979494142908 19 BN -32.5 6.5 17.5
0.340652954725194 16 FN 147.5 -1.5 10.5
0.342911199074454 19 FN -37.5 11.5 7.5
0.343535365186096 4 BN 111.5 12.5 -22.5
0.343560857631662 3 BN -106.5 4.5 -12.5
0.345843595946157 17 BN -34.5 -14.5 -11.5
0.348161009838176 13 FN 3.5 -7.5 6.5
0.349034463336973 7 BN -72.5 -8.5 5.5
0.350262835803916 16 BN 114.5 -18.5 18.5
0.352198292219761 19 BN -99.5 -4.5 -1.5
0.353187457679611 20 BN -42.5 7.5 -16.5
0.357899232236476 20 FN -39.5 12.5 -24.5
0.359324375868391 8 FN -2.5 -13.5 -0.5
0.36090943455936 17 FN -32.5 -21.5 -7.5
0.36173460235826 11 FN 117.5 5.5 -12.5
0.364641740454081 3 FN -104.5 -8.5 -10.5
0.364786988560048 15 BN -137.5 -11.5 8.5
0.365155093645566 19 FN -96.5 -4.5 -3.5
0.367383845257538 2 BN 46.5 -14.5 2.5
0.368212557131492 11 BN 110.5 -6.5 9.5
0.368311103724765 11 FN 110.5 -6.5 9.5
0.369750385734856 1 BN 9.5 -5.5 4.5
0.371197915105718 8 BN -69.5 -4.5 4.5
0.372059226445241 12 BN -135.5 18.5 -7.5
0.373519992243602 19 BN -99.5 25.5 -11.5
0.37407293631662 18 FN -10.5 6.5 -9.5
0.374204584893974 12 FN -135.5 16.5 -6.5
0.375947397489163 18 BN -7.5 9.5 -5.5
0.37642616473715 2 FN 47.5 -18.5 7.5
0.378923759365778 7 FN -72.5 -4.5 16.5
0.379289767413465 8 FN -64.5 -0.5 -0.5
0.380468312796239 3 BN -113.5 18.5 -15.5
0.380978689151244 4 FN 101.5 10.5 -15.5
0.382103194019493 13 BN -67.5 -6.5 -20.5
0.383053135987129 4 BN 125.5 -19.5 -11.5
0.384133070970293 18 FN -7.5 3.5 -5.5
0.385702842192818 19 FN -98.5 17.5 -13.5
0.386078346967806 19 BN -103.5 21.5 -9.5
0.386680997484371 11 BN 51.5 -7.5 20.5
0.389515200193872 5 BN -67.5 17.5 0.5
0.393271476793226 13 FN -55.5 -5.5 -22.5
0.39331837241489 5 FN -63.5 24.5 -2.5
0.393742589145459 2 BN 102.5 14.5 -7.5
0.394098143774034 2 FN 101.5 14.5 -8.5
0.394348595975416 14 BN 81.5 -29.5 -4.5
0.400829496908279 4 FN 132.5 -19.5 -9.5
0.403803968996711 19 FN -104.5 19.5 -10.5
0.40404751775817 10 FN -12.5 -21.5 -1.5
0.406821260163221 20 BN -9.5 6.5 10.5
0.406840366037984 7 BN 55.5 -23.5 -10.5
0.408104955272603 20 FN -7.5 6.5 12.5
0.409606602704454 8 BN -11.5 9.5 -2.5
0.409755788535462 4 BN 103.5 27.5 -3.5
0.410585068591385 4 FN 102.5 27.5 -3.5
0.411982420097734 11 FN 59.5 -13.5 17.5
0.412516450552923 11 BN 73.5 -21.5 9.5
0.412932631908985 7 FN 56.5 -22.5 -9.5
0.413602983992659 12 BN -119.5 10.5 -16.5
0.414034332842014 4 BN 54.5 16.5 -13.5
0.414478258492002 1 FN 20.5 1.5 3.5
0.415708163653954 8 FN -8.5 8.5 2.5
0.421017982599922 9 BN 115.5 -19.5 7.5
0.422001584793694 5 BN 23.5 -9.5 -12.5
0.423069295668622 11 FN 76.5 -27.5 11.5
0.424102828985858 7 BN 64.5 -2.5 -16.5
0.424300924900084 3 FN -104.5 19.5 5.5
0.425821982833796 17 BN -17.5 -11.5 -17.5
0.427129586277653 9 FN 114.5 -11.5 11.5
0.429004234131813 20 BN 24.5 11.5 -12.5
0.429558677171411 10 BN -20.5 -1.5 -11.5
0.430629785993451 14 FN 82.5 -27.5 -0.5
0.431430338931054 20 FN 17.5 11.5 -10.5
0.43151642998902 1 BN 22.5 -5.5 -23.5
0.43172148965761 20 BN 2.5 -2.5 -0.5
0.431930295906108 20 FN 2.5 -2.5 0.5
0.432641498722144 16 FN 103.5 -20.5 2.5
0.433583059480904 19 BN -119.5 0.5 13.5
0.433705135609975 16 BN 85.5 -18.5 -5.5
0.437670041273107 17 FN -23.5 -7.5 -18.5
0.438052962700814 19 FN -125.5 1.5 11.5
0.438174963427064 20 BN -55.5 -1.5 -17.5
0.438336332617325 10 FN -21.5 -2.5 -13.5
0.438801909334212 6 BN 110.5 -16.5 14.5
0.440234855935241 13 BN -109.5 -8.5 0.5
0.440836850410936 20 FN -56.5 -0.5 -15.5
0.441148101103908 13 FN -108.5 -7.5 1.5
0.441639536125927 15 FN -145.5 6.5 11.5
0.442292181978742 2 BN 49.5 18.5 8.5
0.442417796123837 2 FN 49.5 18.5 7.5
0.443076747748456 15 BN -153.5 8.5 -2.5
0.44362002002717 15 FN -154.5 7.5 -2.5
0.447063766852729 5 FN 21.5 -4.5 -15.5
0.448041178578967 12 FN -126.5 3.5 -20.5
0.450401679289513 13 BN -104.5 3.5 23.5
0.458976516221246 2 BN 119.5 0.5 4.5
0.461387675752236 17 BN -64.5 16.5 11.5
0.462238044205448 18 BN -99.5 -11.5 -24.5
0.465714134307976 20 BN -65.5 8.5 -16.5
0.468282477258599 18 FN -97.5 -12.5 -21.5
0.473237155206873 6 FN 107.5 -19.5 8.5
0.473354834456474 13 FN -108.5 9.5 23.5
0.475317459706786 20 FN -61.5 14.5 -15.5
0.475668517186985 5 BN 110.5 8.5 14.5
0.47661163491559 10 BN -16.5 -11.5 -7.5
0.482583155657367 8 BN 58.5 9.5 21.5
0.483347532722065 9 BN 35.5 7.5 22.5
0.483460424381892 11 BN 33.5 20.5 10.5
0.484822953998172 3 BN -55.5 9.5 11.5
0.485185512237915 10 FN -17.5 -14.5 -9.5
0.485563651473698 6 BN 77.5 -5.5 14.5
0.486919700912046 19 BN -145.5 -18.5 -0.5
0.487056938191262 6 FN 79.5 -5.5 14.5
0.487256151905026 16 FN 95.5 -12.5 -3.5
0.490503991974381 7 FN 63.5 3.5 -28.5
0.492198866444418 8 FN 52.5 10.5 12.5
0.492826979859539 9 FN 37.5 15.5 21.5
0.494480081134321 9 BN 42.5 14.5 2.5
0.497322480578742 1 FN 42.5 15.5 -14.5
0.498080685966537 9 FN 41.5 18.5 4.5
0.5014297590445 9 BN 75.5 5.5 3.5
0.505688845710349 5 FN 105.5 15.5 8.5
0.505773560541028 8 BN 27.5 -4.5 -1.5
0.506724067711097 3 FN -55.5 28.5 0.5
0.5078390361031 17 FN -67.5 13.5 4.5
0.508261591002684 18 BN -76.5 16.5 -21.5
0.508812784631112 18 FN -76.5 17.5 -22.5
0.511935562701738 9 FN 79.5 9.5 -2.5
0.512508849199716 11 FN 32.5 19.5 16.5
0.513253648361879 13 BN -25.5 15.5 -4.5
0.513955328243666 14 BN -6.5 5.5 -11.5
0.515430302228816 3 BN 15.5 -2.5 7.5
0.517965428678338 18 BN -40.5 21.5 -11.5
0.520381293475403 11 BN 133.5 14.5 17.5
0.521146127209443 17 BN -106.5 -0.5 -17.5
0.522957742358609 7 BN 76.5 25.5 -11.5
0.523034230530138 18 FN -36.5 22.5 -6.5
0.525372798338757 14 FN 0.5 4.5 -9.5
0.526046894429407 6 BN 131.5 8.5 -17.5
0.527102337368658 19 FN -140.5 -14.5 10.5
0.527264008918299 14 BN 7.5 -2.5 4.5
0.529404843348399 19 BN -134.5 5.5 15.5
0.5299437695412 20 BN -31.5 23.5 -7.5
0.5326332232123 12 BN -128.5 -8.5 18.5
0.533379353805545 10 BN -43.5 2.5 -24.5
0.533483620991369 6 FN 132.5 6.5 -13.5
0.53450422830258 14 FN 8.5 -0.5 -2.5
0.535176241808896 7 FN 74.5 25.5 -4.5
0.535478643041166 2 FN 120.5 -2.5 22.5
0.536067171048174 12 FN -130.5 -9.5 19.5
0.536207631533064 19 FN -136.5 3.5 15.5
0.538468678206297 16 BN -14.5 19.5 -0.5
0.539200408496444 2 BN 108.5 7.5 1.5
0.54117183988759 3 FN 6.5 1.5 13.5
0.542342719982524 15 BN 28.5 17.5 -16.5
0.544998913098878 5 BN -60.5 -17.5 -13.5
0.546074819010647 7 BN 58.5 -23.5 10.5
0.546486510690498 4 FN 40.5 12.5 -23.5
0.548679902808446 3 BN 28.5 -13.5 1.5
0.549532995868654 19 BN -130.5 17.5 1.5
0.549913060401018 8 FN 26.5 -3.5 7.5
0.554443352563714 7 FN 65.5 -18.5 10.5
0.557623611568131 10 FN -44.5 3.5 -25.5
0.559655144792383 1 BN -70.5 8.5 -4.5
0.560645277803252 10 BN -52.5 2.5 -26.5
0.561210781328933 13 FN -30.5 18.5 -9.5
0.562530482392399 11 FN 127.5 15.5 15.5
0.562935511974755 7 BN 65.5 27.5 -8.5
0.562993117736356 14 BN 153.5 -5.5 4.5
0.564593526823334 3 FN 32.5 -19.5 0.5
0.565807710275707 20 FN -28.5 16.5 2.5
0.568267234743149 10 FN -48.5 -1.5 -23.5
0.570164795129184 12 BN -86.5 17.5 -0.5
0.575747213746211 19 FN -133.5 19.5 -3.5
0.575859627946828 13 BN 34.5 16.5 -16.5
0.576926500108778 19 BN -135.5 21.5 -4.5
0.578987684956895 4 BN 152.5 -4.5 6.5
0.580094434086027 16 FN -22.5 18.5 -7.5
0.58590515272271 12 FN -81.5 12.5 0.5
0.586065527059662 12 BN -78.5 6.5 1.5
0.588117582986667 13 FN 32.5 9.5 -16.5
0.597214960681442 7 FN 63.5 25.5 -14.5
0.598092670935628 10 BN -151.5 -3.5 -11.5
0.599513411300262 1 FN -72.5 0.5 3.5
0.599560756388281 12 FN -80.5 1.5 2.5
0.599868213085369 12 BN -73.5 8.5 -3.5
0.600591205983242 5 FN -58.5 -22.5 -15.5
0.60784549909639 15 FN 34.5 21.5 -10.5
0.607947570942473 10 FN -156.5 -3.5 -7.5
0.608796421067145 12 FN -78.5 9.5 1.5
0.611966754974285 20 BN 77.5 14.5 -11.5
0.612782654007666 13 BN -100.5 1.5 -19.5
0.614179847633032 13 FN -100.5 1.5 -19.5
0.614457328784921 5 BN -97.5 13.5 -4.5
0.614922695386566 20 FN 75.5 14.5 -18.5
0.616410548190133 13 BN -99.5 -7.5 -18.5
0.617936107828605 4 FN 141.5 -6.5 -1.5
0.62027879219569 1 BN -73.5 -5.5 14.5
0.621378426627564 4 BN 117.5 2.5 19.5
0.62505209712615 5 FN -100.5 9.5 -6.5
0.625284184967486 7 BN -1.5 -11.5 5.5
0.626254907033183 1 FN -71.5 -4.5 19.5
0.62771026845583 14 FN 160.5 -7.5 4.5
0.627725983871787 17 FN -127.5 -14.5 -16.5
0.62804567473962 13 FN -96.5 -14.5 -5.5
0.628662722243042 5 BN -114.5 2.5 8.5
0.62934444179745 13 BN -88.5 -4.5 -3.5
0.633702311892231 19 FN -129.5 5.5 -11.5
0.634838776190743 16 BN -21.5 1.5 -5.5
0.634964882625384 4 FN 114.5 9.5 21.5
0.635801361544761 2 FN 123.5 15.5 -7.5
0.637409626360874 20 BN 94.5 25.5 -5.5
0.639155519596645 16 FN -21.5 -1.5 -5.5
0.641491622003118 4 BN 101.5 20.5 14.5
0.645657070449996 16 BN -25.5 -18.5 -9.5
0.646173737143597 11 BN 137.5 15.5 10.5
0.647618744017123 1 BN -92.5 22.5 8.5
0.647767218697577 3 BN 37.5 -5.5 24.5
0.648180346665332 1 FN -93.5 23.5 8.5
0.650548149263389 4 FN 108.5 19.5 14.5
0.651058603745013 4 BN 122.5 3.5 7.5
0.652873557537071 7 FN -5.5 -14.5 11.5
0.653003895524941 16 FN -20.5 -19.5 -7.5
0.653489798133219 20 FN 97.5 25.5 0.5
0.656552351469072 20 BN 81.5 20.5 -21.5
0.657863922577629 18 BN 122.5 -16.5 -5.5
0.658784384290126 15 BN 120.5 -23.5 6.5
0.659592227876645 19 BN 19.5 7.5 16.5
0.660083685883924 4 FN 117.5 6.5 14.5
0.662214099339939 15 FN 121.5 -24.5 2.5
0.662546331755595 13 FN -85.5 -5.5 7.5
0.662953733168371 20 FN 90.5 15.5 -22.5
0.665886395167268 4 BN 89.5 -7.5 -11.5
0.665951034888411 19 FN 14.5 13.5 15.5
0.669572103830747 5 FN -114.5 14.5 8.5
0.670207778867779 3 FN 43.5 -4.5 17.5
0.671970661479398 17 BN -124.5 23.5 -0.5
0.672838556289506 17 FN -125.5 22.5 -0.5
0.672884508059149 17 BN -128.5 22.5 -5.5
0.673720649374764 13 BN -34.5 -18.5 13.5
0.679350869800941 20 BN 89.5 28.5 -2.5
0.680668635307884 13 FN -32.5 -18.5 13.5
0.681869137983864 20 FN 88.5 28.5 -1.5
0.682888460068037 18 FN 123.5 -12.5 5.5
0.683959873755479 18 BN 91.5 -19.5 -12.5
0.684491229834274 18 FN 92.5 -19.5 -11.5
0.692241528796931 1 BN -91.5 -11.5 12.5
0.692689296845491 17 FN -126.5 16.5 -11.5
0.694585492497624 11 FN 123.5 1.5 18.5
0.695105384309166 4 FN 97.5 21.5 -16.5
0.696745965743184 18 BN 69.5 -5.5 -3.5
0.698849083621058 9 BN 57.5 -0.5 12.5
0.699984712691347 14 BN 56.5 -16.5 -22.5
0.704197976330125 6 BN 118.5 24.5 4.5
0.704883478781652 10 BN -73.5 -7.5 20.5
0.706031918516084 8 BN 15.5 11.5 -11.5
0.710283283482757 11 BN 116.5 -4.5 -3.5
0.710339097786095 15 BN 154.5 4.5 4.5
0.711235139908674 10 FN -69.5 -8.5 23.5
0.712175925421942 4 BN 97.5 -2.5 -7.5
0.712879445672097 8 FN 8.5 12.5 -15.5
0.713253623056053 8 BN 10.5 13.5 -5.5
0.714005275805474 14 FN 50.5 -14.5 -13.5
0.715591677774945 18 FN 76.5 3.5 0.5
0.716799665574247 9 FN 64.5 -6.5 18.5
0.717177035864857 8 FN 6.5 15.5 -4.5
0.718714874321382 15 FN 155.5 2.5 7.5
0.721442748528606 3 BN -81.5 -9.5 -10.5
0.721592882502891 6 FN 118.5 18.5 11.5
0.723375260141811 1 FN -84.5 -4.5 11.5
0.723582444421583 1 BN -89.5 -15.5 23.5
0.724275477128827 1 FN -88.5 -14.5 22.5
0.726587903100614 14 BN 67.5 -17.5 -19.5
0.726957643800416 9 BN 57.5 -4.5 20.5
0.732208259257492 11 FN 118.5 -10.5 -4.5
0.733547005347539 13 BN 132.5 8.5 -7.5
0.734118288883811 12 BN 82.5 -14.5 7.5
0.73441192368629 12 FN 82.5 -14.5 7.5
0.734575737858385 19 BN 44.5 18.5 -13.5
0.735396736995335 12 BN 74.5 8.5 22.5
0.73558543383131 3 FN -83.5 -10.5 -5.5
0.737291615999351 6 BN 159.5 -0.5 8.5
0.737425158899066 1 BN -34.5 -9.5 3.5
0.737832441965205 13 FN 128.5 15.5 -3.5
0.738909138645062 3 BN -88.5 -2.5 8.5
0.739072226216361 18 BN 93.5 23.5 3.5
0.740770684776684 6 FN 159.5 -3.5 3.5
0.741281322107439 15 BN 35.5 -11.5 -15.5
0.743346241538523 9 FN 53.5 -6.5 25.5
0.743815565686488 18 FN 93.5 24.5 5.5
0.745415219703018 15 FN 34.5 -11.5 -13.5
0.746798414253761 19 FN 49.5 21.5 -10.5
0.762862933867281 14 FN 67.5 -9.5 -27.5
0.764582320928322 14 BN 71.5 -11.5 -17.5
0.766617335749581 15 BN 146.5 -14.5 5.5
0.768976625077946 10 BN 17.5 6.5 10.5
0.772789793759627 10 FN 16.5 9.5 8.5
0.776054202477919 4 FN 97.5 -1.5 13.5
0.777281923576127 3 FN -87.5 11.5 8.5
0.780944660033644 20 BN -42.5 -2.5 -13.5
0.782198424339493 20 FN -43.5 -2.5 -13.5
0.782715237356061 19 BN -19.5 -20.5 1.5
0.783911173399088 11 BN 93.5 19.5 12.5
0.785834789424097 12 FN 75.5 16.5 16.5
0.790298361800169 15 FN 147.5 -10.5 -4.5
0.790541227383872 17 BN -79.5 -2.5 -9.5
0.790618202072179 2 BN 143.5 2.5 13.5
0.79350520518439 14 FN 74.5 -12.5 -17.5
0.795960486731976 20 BN -101.5 8.5 7.5
0.799170352643307 4 BN 63.5 2.5 4.5
0.800686674031096 19 FN -28.5 -18.5 4.5
0.802315655245046 10 BN -105.5 6.5 -5.5
0.803277311019213 17 FN -82.5 0.5 -9.5
0.803336813135133 11 FN 106.5 13.5 20.5
0.806693131862157 10 FN -107.5 5.5 -0.5
0.808782732673747 1 FN -57.5 -11.5 5.5
0.80938262319304 20 FN -97.5 5.5 2.5
0.809694108730034 2 FN 155.5 5.5 11.5
0.811273482886052 20 BN -65.5 23.5 8.5
0.81201404551775 7 BN -3.5 -10.5 4.5
0.814039165154666 11 BN 126.5 -3.5 12.5
0.817469753797093 11 FN 127.5 -6.5 7.5
0.818684445750115 6 BN 39.5 -12.5 14.5
0.818693245468471 20 FN -65.5 27.5 8.5
0.818838475815138 6 FN 39.5 -13.5 14.5
0.821286670228357 3 BN 75.5 -3.5 -2.5
0.823594968412373 6 BN 62.5 -19.5 -10.5
0.825811671724765 20 BN 18.5 6.5 -9.5
0.831816849950677 4 FN 59.5 -0.5 2.5
0.832576472483298 4 BN 54.5 -12.5 -5.5
0.832723245599708 2 BN 99.5 -14.5 -9.5
0.833488834896299 3 FN 82.5 -12.5 -5.5
0.834744177668464 6 FN 61.5 -20.5 -17.5
0.842956332063862 4 FN 59.5 -10.5 -2.5
0.846342669339459 6 BN 87.5 3.5 1.5
0.848634331994622 9 BN 153.5 1.5 14.5
0.849833051918076 9 FN 155.5 1.5 12.5
0.849876812605603 10 BN 28.5 -2.5 16.5
0.850002673525269 20 FN 7.5 -4.5 -17.5
0.850462024288884 9 BN 156.5 -0.5 4.5
0.850927590287905 7 FN 2.5 -1.5 -14.5
0.854738604258633 2 FN 109.5 -17.5 -19.5
0.855416857726626 2 BN 98.5 -7.5 -2.5
0.855617354115041 7 BN 7.5 13.5 8.5
0.857341974012115 9 FN 154.5 3.5 2.5
0.85882673046435 6 FN 81.5 9.5 11.5
0.859981874213236 6 BN 91.5 -28.5 -1.5
0.861334199708146 5 BN 101.5 -4.5 14.5
0.865310789222123 7 FN 1.5 14.5 7.5
0.865842593201536 2 FN 97.5 -3.5 0.5
0.867034820503963 10 FN 27.5 1.5 24.5
0.867313862054117 2 BN 86.5 21.5 17.5
0.867697916850142 4 BN -34.5 3.5 -20.5
0.868413898729736 6 FN 97.5 -26.5 6.5
0.870128049059246 16 BN -103.5 -9.5 10.5
0.873032584796402 11 BN -63.5 13.5 -13.5
0.875685895986903 18 BN 137.5 5.5 14.5
0.876733002454429 2 FN 79.5 18.5 21.5
0.87858414044778 11 FN -58.5 12.5 -13.5
0.878817684884002 11 BN -56.5 16.5 -14.5
0.87885669525455 3 BN 63.5 -6.5 -16.5
0.880505800291692 3 FN 67.5 -5.5 -17.5
0.880530750079338 5 FN 95.5 -9.5 20.5
0.884567477433982 7 BN -35.5 10.5 13.5
0.885494721882182 18 FN 136.5 2.5 15.5
0.89594059735242 1 BN -147.5 -2.5 14.5
0.897567913543807 16 FN -106.5 -5.5 16.5
0.898098945284265 20 BN 105.5 -5.5 16.5
0.898375260593062 10 BN 146.5 13.5 -0.5
0.900040536827359 9 BN 106.5 -17.5 -13.5
0.900409829317035 2 BN 128.5 -11.5 -18.5
0.906988636094217 1 FN -141.5 -7.5 15.5
0.914332864061839 10 FN 142.5 6.5 -2.5
0.914811893516817 1 BN -126.5 -4.5 16.5
0.919533311368063 17 BN -90.5 22.5 -12.5
0.925616392173494 2 FN 121.5 -1.5 -21.5
0.928121201979843 15 BN -30.5 -12.5 10.5
0.928207812304947 11 FN -51.5 15.5 -5.5
0.931759913323691 15 FN -30.5 -10.5 10.5
0.934319489837425 12 BN 110.5 -16.5 -11.5
0.935091482654673 15 BN -23.5 15.5 -4.5
0.935416615950856 15 FN -23.5 15.5 -2.5
0.935848105710277 15 BN -13.5 16.5 6.5
0.935986707609086 7 FN -32.5 4.5 20.5
0.936266395320008 10 BN 128.5 -5.5 6.5
0.939339461852148 15 FN -15.5 16.5 7.5
0.942139592948832 9 FN 112.5 -9.5 0.5
0.948216266812775 17 FN -83.5 15.5 -9.5
0.952376985029849 12 FN 107.5 -15.5 -14.5
0.953356538609159 7 BN -39.5 22.5 -15.5
0.95427604685478 17 BN -87.5 15.5 -11.5
0.954689303680467 13 BN 122.5 12.5 8.5
0.95605375557794 1 FN -145.5 -14.5 11.5
0.956230959200918 10 FN 123.5 -9.5 13.5
0.958712877794845 13 FN 121.5 16.5 8.5
0.958949082967383 2 BN 116.5 -18.5 -14.5
0.959831520241978 16 BN -79.5 -26.5 1.5
0.964605886490834 10 BN 156.5 5.5 -8.5
0.967645193184466 20 FN 116.5 -12.5 16.5
0.970036362472997 19 BN 53.5 -13.5 -10.5
0.970609588746685 12 BN 115.5 -10.5 -16.5
0.971730981454833 15 BN -21.5 3.5 -21.5
0.976410453976568 12 FN 116.5 -13.5 -12.5
0.977097246750724 4 FN -48.5 24.5 -6.5
0.982399940309268 4 BN -109.5 22.5 -11.5
0.983059083419077 4 FN -111.5 22.5 -11.5
0.984157739798996 17 FN -88.5 22.5 -11.5
0.985720085237893 8 BN 54.5 -19.5 15.5
0.987949162066188 8 FN 55.5 -16.5 17.5
0.98897192842237 15 FN -21.5 5.5 -17.5
0.99116159358106 2 FN 113.5 -10.5 -19.5
0.99317904962452 17 BN -30.5 -10.5 20.5
0.999459145661563 14 BN 109.5 1.5 -15.5
1.00195674250546 4 BN -126.5 -1.5 -13.5
1.00280328031016 7 FN -39.5 19.5 -7.5
1.0059813163723 1 BN -85.5 -9.5 -0.5
1.01125813844989 10 FN 142.5 17.5 0.5
1.01308444575718 6 BN 144.5 12.5 9.5
1.01935240862252 5 BN 78.5 19.5 -13.5
1.01993846198251 3 BN 100.5 12.5 -10.5
1.02136331580223 1 FN -78.5 1.5 -5.5
1.02492871119669 9 BN 146.5 16.5 6.5
1.0264310447432 17 FN -26.5 -8.5 21.5
1.02810382365832 4 FN -133.5 6.5 -17.5
1.02920303927186 4 BN -125.5 -21.5 -7.5
1.03110134562854 14 FN 100.5 -1.5 -26.5
1.03347024388756 8 BN -14.5 2.5 -0.5
1.03381891621722 19 FN 49.5 -15.5 -0.5
1.03561755811533 10 BN 108.5 20.5 -5.5
1.0381031775456 6 FN 143.5 9.5 13.5
1.03886737036415 5 FN 73.5 10.5 -18.5
1.04142037318373 14 BN 67.5 -18.5 -7.5
1.04165918332777 11 BN 53.5 -20.5 -20.5
1.04213622458464 14 FN 67.5 -18.5 -5.5
1.04217271587428 4 FN -122.5 -20.5 -12.5
1.04464170412663 15 BN 70.5 16.5 20.5
1.04521524969511 1 BN 27.5 -10.5 4.5
1.04539873865035 9 FN 135.5 15.5 0.5
1.04576198953436 3 FN 98.5 6.5 -15.5
1.04659001589965 9 BN 122.5 12.5 -14.5
1.04871008835908 12 BN 20.5 11.5 10.5
1.05298875283353 13 BN 90.5 -17.5 11.5
1.05302660323607 13 FN 90.5 -17.5 11.5
1.0539183183571 9 FN 124.5 10.5 -14.5
1.0540138734934 15 FN 73.5 17.5 22.5
1.0562138140022 10 FN 105.5 13.5 8.5
1.05730571207906 19 BN 61.5 13.5 25.5
1.05879617643495 12 FN 26.5 14.5 6.5
1.05998303412905 8 FN -9.5 -0.5 -12.5
1.06000232185914 11 FN 58.5 -27.5 -6.5
1.06655947685546 19 FN 62.5 10.5 25.5
1.06839365717556 10 BN 102.5 -21.5 13.5
1.07015569630328 15 BN 136.5 6.5 -6.5
1.07089935146849 1 FN 23.5 -18.5 5.5
1.07153533626297 16 FN -66.5 -25.5 15.5
1.07260356677614 10 FN 100.5 -19.5 14.5
1.07307609828911 8 BN -53.5 4.5 -21.5
1.07496479295063 1 BN 4.5 -11.5 -1.5
1.07638835547143 14 BN 64.5 -23.5 7.5
1.07733286084218 3 BN 106.5 -14.5 4.5
1.07745638899309 10 BN 86.5 -20.5 10.5
1.07889984966485 3 FN 105.5 -15.5 4.5
1.08049355264346 1 FN 0.5 -9.5 -0.5
1.08187311795065 11 BN 102.5 -9.5 18.5
1.08321074740791 1 BN -4.5 13.5 -4.5
1.08379851263914 15 FN 141.5 5.5 3.5
1.08784497814857 10 FN 90.5 -18.5 7.5
1.08968071094984 16 BN -48.5 -3.5 7.5
1.09066523154405 8 FN -56.5 -0.5 -15.5
1.09097123066839 18 BN 111.5 22.5 -1.5
1.09169835929157 8 BN -73.5 1.5 -17.5
1.09176684208475 6 BN 90.5 18.5 -17.5
1.09371929098913 1 FN -5.5 15.5 -10.5
1.098701658521 20 BN 26.5 -3.5 -7.5
1.1005396528953 14 FN 68.5 -18.5 5.5
1.10106069036522 5 BN -21.5 15.5 4.5
1.10285489494282 19 BN 77.5 -17.5 -14.5
1.10934938192319 16 FN -54.5 -1.5 10.5
1.10962988594748 20 FN 31.5 -4.5 -12.5
1.11164616198029 16 BN -42.5 -8.5 19.5
1.11224561621727 1 BN 43.5 -20.5 2.5
1.11465241829889 1 FN 43.5 -19.5 1.5
1.11659900264438 15 BN 65.5 16.5 -16.5
1.11858268683326 15 FN 64.5 16.5 -17.5
1.12058152525141 2 BN 8.5 5.5 8.5
1.12449837223499 12 BN -43.5 1.5 25.5
1.12486858472816 1 BN 80.5 18.5 -4.5
1.12628293580348 7 BN -140.5 -8.5 4.5
1.1273392216323 15 BN 60.5 12.5 -2.5
1.12908810642315 1 FN 78.5 16.5 -2.5
1.1299639946703 7 FN -140.5 -8.5 5.5
1.13005185162496 4 BN -80.5 24.5 4.5
1.13065493987285 18 FN 114.5 19.5 -7.5
1.13222461769352 5 FN -20.5 11.5 7.5
1.13232532794844 8 FN -80.5 9.5 -13.5
1.13400273352609 2 FN 19.5 8.5 4.5
1.13531125727619 11 FN 99.5 4.5 19.5
1.13549201877452 1 BN 100.5 9.5 -2.5
1.14083147708392 12 FN -44.5 2.5 23.5
1.14114711444693 19 FN 81.5 -3.5 0.5
1.14422479309331 20 BN 105.5 -23.5 9.5
1.14465146906564 11 BN 58.5 1.5 -8.5
1.14498502373777 15 FN 61.5 10.5 -0.5
1.14577326408222 10 BN -71.5 -1.5 27.5
1.14854043454794 1 FN 101.5 5.5 -4.5
1.14891818689787 16 FN -49.5 -9.5 25.5
1.14985968851148 15 BN 15.5 -12.5 -1.5
1.15659603995786 18 BN 134.5 14.5 -11.5
1.15723154598397 20 FN 118.5 -20.5 6.5
1.15813215277642 5 BN 31.5 6.5 4.5
1.15836625923672 11 FN 52.5 1.5 -1.5
1.15875068737086 11 BN 59.5 -6.5 -8.5
1.16036220433162 15 FN 13.5 -8.5 -1.5
1.16106038365889 8 BN -78.5 10.5 21.5
1.16128727902339 8 FN -78.5 10.5 20.5
1.16367779295913 7 BN -159.5 4.5 3.5
1.16614913366505 5 FN 38.5 5.5 -1.5
1.16784666264585 9 BN 120.5 -1.5 -11.5
1.16806308814446 4 FN -84.5 20.5 8.5
1.16896308701586 13 BN 132.5 8.5 17.5
1.16913646921594 3 BN 156.5 4.5 1.5
1.16933156147507 4 BN -90.5 10.5 -6.5
1.17259858235369 18 FN 125.5 13.5 -8.5
1.17312958463501 5 BN -6.5 -14.5 4.5
1.17398518755126 4 FN -90.5 8.5 -4.5
1.17458286650471 3 FN 157.5 9.5 2.5
1.1747240869421 5 FN -6.5 -13.5 6.5
1.17650114656626 4 BN -84.5 13.5 -18.5
1.17653291877 9 FN 123.5 1.5 -8.5
1.17804331538218 18 BN 120.5 17.5 -3.5
1.17918025261155 9 BN 77.5 21.5 6.5
1.17927186415243 10 FN -83.5 -7.5 20.5
1.18178867437623 18 FN 120.5 23.5 -1.5
1.18386423214708 6 FN 105.5 5.5 -19.5
1.18526623787642 9 FN 71.5 22.5 2.5
1.18661032675085 1 BN 135.5 15.5 -4.5
1.18730666616843 7 FN -158.5 -4.5 3.5
1.18915564935529 13 FN 123.5 -5.5 21.5
1.19046001594251 14 BN 38.5 -11.5 -21.5
1.19047272689469 14 FN 38.5 -11.5 -21.5
1.19384880656372 18 BN 109.5 -3.5 -22.5
1.19463362007246 19 BN 31.5 15.5 16.5
1.19553936439156 11 FN 68.5 -14.5 -7.5
1.19922607664059 1 FN 142.5 10.5 -1.5
1.20769653770658 15 BN 77.5 22.5 -12.5
1.20914374705515 1 BN 90.5 22.5 10.5
1.20994063120637 14 BN 11.5 -20.5 -5.5
1.21100699123677 1 FN 90.5 22.5 8.5
1.21825320761922 17 BN 27.5 -7.5 4.5
1.21919968550934 8 BN -35.5 2.5 17.5
1.21974007220921 13 BN 145.5 -3.5 2.5
1.22184400797194 9 BN 17.5 10.5 -12.5
1.22235679713577 9 FN 16.5 10.5 -12.5
1.22244689032528 13 FN 146.5 -5.5 1.5
1.22469361058787 14 FN 11.5 -16.5 -12.5
1.22487750652668 4 FN -86.5 2.5 -26.5
1.22700400697615 15 FN 68.5 24.5 -4.5
1.23019882131674 19 FN 25.5 13.5 19.5
1.23141752236598 12 BN -5.5 9.5 -8.5
1.23198770533102 8 FN -35.5 8.5 20.5
1.23342274371035 5 BN 159.5 -1.5 -4.5
1.23366233409837 4 BN -73.5 24.5 -15.5
1.23628612349317 12 FN -4.5 8.5 -8.5
1.23784164518655 18 FN 114.5 7.5 -24.5
1.23979272348032 12 BN 19.5 1.5 -2.5
1.24261256003257 17 FN 31.5 -0.5 13.5
1.24657138860853 11 BN 122.5 -1.5 -18.5
1.24976793193677 17 BN 52.5 -7.5 0.5
1.24986971580428 11 FN 120.5 -1.5 -19.5
1.25164540625233 20 BN 98.5 -2.5 -9.5
1.25302147430887 11 BN 106.5 -15.5 12.5
1.25430862802686 8 BN 47.5 -0.5 -26.5
1.25467216269538 8 FN 48.5 -0.5 -27.5
1.25920104270808 2 BN 106.5 -2.5 -0.5
1.25980979543948 19 BN 106.5 -24.5 -3.5
1.26004486792636 20 FN 103.5 -5.5 -12.5
1.26734827052794 11 FN 103.5 -15.5 13.5
1.26834099382131 1 BN 52.5 -4.5 7.5
1.26881478725768 2 FN 107.5 -2.5 3.5
1.26972060336185 17 FN 57.5 -9.5 0.5
1.27410558692487 1 FN 57.5 -3.5 -2.5
1.27449227756528 17 BN 97.5 -0.5 -4.5
1.27491652688898 12 FN 9.5 -2.5 5.5
1.27741706728179 7 BN -122.5 -1.5 10.5
1.27770395843786 6 BN -37.5 10.5 -24.5
1.27863131219323 5 FN 157.5 0.5 -0.5
1.28116027588431 2 BN 113.5 19.5 4.5
1.28255488062115 19 FN 99.5 -25.5 -4.5
1.28387710018429 2 FN 114.5 23.5 6.5
1.28399308385491 12 BN 44.5 -2.5 -21.5
1.28561864282548 14 BN -43.5 -26.5 -6.5
1.28905717532603 6 FN -39.5 16.5 -19.5
1.2932431813796 17 FN 102.5 -6.5 -19.5
1.29576334451193 11 BN 66.5 -15.5 9.5
1.29748222765966 7 FN -125.5 -4.5 3.5
1.29780398594509 14 FN -39.5 -13.5 1.5
1.29780560192803 11 FN 65.5 -15.5 12.5
1.2981750772039 11 BN 59.5 -22.5 12.5
1.30019681842235 19 BN 22.5 -2.5 -13.5
1.30033829157279 13 BN 145.5 -0.5 8.5
1.30252450088663 3 BN 154.5 8.5 -9.5
1.30279755698184 19 FN 22.5 -3.5 -11.5
1.30899357702617 11 FN 61.5 -27.5 6.5
1.30915299077389 15 BN -139.5 -14.5 5.5
1.31277973473299 12 FN 39.5 -4.5 -7.5
1.31360642500128 8 BN -22.5 -8.5 -9.5
1.31484835686498 4 FN -112.5 19.5 -2.5
1.3160723040724 19 BN -53.5 2.5 -21.5
1.32041944990755 6 BN -73.5 26.5 -10.5
1.32045052096903 9 BN -138.5 9.5 8.5
1.32073479602941 8 FN -20.5 -12.5 -9.5
1.32445036726191 13 FN 149.5 -15.5 -2.5
1.32598918756685 11 BN 28.5 12.5 -13.5
1.32725146905084 14 BN -85.5 15.5 -16.5
1.32856277544147 2 BN 112.5 15.5 -6.5
1.33083195656622 5 BN 145.5 -5.5 -11.5
1.33351826652655 5 FN 146.5 -4.5 -7.5
1.33588056301795 18 BN 100.5 -11.5 -18.5
1.33685813396773 17 BN 50.5 1.5 -23.5
1.33700793042064 10 BN -2.5 4.5 2.5
1.33836939004364 5 BN 131.5 0.5 3.5
1.33878143551674 16 BN -39.5 -13.5 21.5
1.33880011687022 2 FN 111.5 16.5 -7.5
1.33882748209558 19 FN -52.5 -1.5 -23.5
1.33962788113562 20 BN 115.5 -5.5 22.5
1.34018742005554 4 BN -72.5 -1.5 9.5
1.34027897774977 20 FN 116.5 -5.5 23.5
1.34204242930797 2 BN 89.5 6.5 -23.5
1.34425053506627 16 FN -41.5 -12.5 22.5
1.34508790683874 9 FN -122.5 14.5 7.5
1.34562396619944 19 BN -68.5 -1.5 -3.5
1.3497564434607 15 FN -139.5 -8.5 7.5
1.352272929575 1 BN 64.5 8.5 6.5
1.3551655024071 11 FN 24.5 17.5 -15.5
1.36048678098831 2 FN 99.5 5.5 -25.5
1.36218408910149 15 BN -120.5 -18.5 0.5
1.36320358037299 2 BN 55.5 -14.5 24.5
1.36339488549175 13 BN 92.5 16.5 5.5
1.36444906049354 15 FN -119.5 -18.5 3.5
1.36963405690893 14 FN -91.5 16.5 -3.5
1.37008093973363 3 FN 144.5 3.5 -16.5
1.3735383049899 19 FN -78.5 1.5 -12.5
1.37565984534177 13 FN 88.5 19.5 9.5
1.37585669249224 5 FN 127.5 3.5 -2.5
1.3779887775869 11 BN 11.5 -5.5 -11.5
1.380996869214 15 BN -140.5 4.5 9.5
1.38502465396548 3 BN 148.5 -7.5 -6.5
1.38659060295246 10 FN -13.5 12.5 1.5
1.38734256853131 19 BN -54.5 -19.5 -3.5
1.38737467059849 19 FN -54.5 -19.5 -3.5
1.38935407549976 10 BN -31.5 -13.5 21.5
1.39210375123294 17 FN 41.5 11.5 -21.5
1.39299665024239 3 FN 149.5 -7.5 2.5
1.39413272072443 1 FN 55.5 6.5 10.5
1.395345561519 1 BN 41.5 5.5 -15.5
1.39621361776019 11 FN 11.5 -13.5 -7.5
1.3975508673841 1 FN 44.5 5.5 -14.5
1.39860021127309 16 BN 28.5 -20.5 -11.5
1.39888568211051 18 FN 101.5 -16.5 -22.5
1.40265913098937 10 FN -34.5 -3.5 18.5
1.40295181306341 17 BN 62.5 -10.5 -25.5
1.40516044991157 17 FN 63.5 -9.5 -27.5
1.40593573852908 13 BN 90.5 -16.5 -9.5
1.40740732966663 20 BN 120.5 19.5 4.5
1.40861655254494 6 FN -70.5 15.5 -16.5
1.40955284419285 20 FN 120.5 20.5 5.5
1.40966568431173 20 BN 130.5 15.5 1.5
1.41295627304352 4 FN -78.5 -3.5 27.5
1.41358829098798 20 FN 133.5 19.5 2.5
1.41438126003616 8 BN -109.5 -17.5 -5.5
1.41442641699462 11 BN 84.5 -3.5 3.5
1.41468393242489 20 BN 128.5 12.5 9.5
1.41587746245714 16 FN 23.5 -17.5 -1.5
1.41721535160026 1 BN 18.5 4.5 0.5
1.41781492646026 13 FN 90.5 -16.5 -12.5
1.41963625923795 2 FN 60.5 2.5 7.5
1.42032229161614 2 BN 79.5 15.5 0.5
1.42176721109005 13 BN 80.5 0.5 29.5
1.42313788283478 10 BN -127.5 12.5 2.5
1.42378947454827 20 FN 130.5 17.5 11.5
1.42387738011962 13 FN 79.5 2.5 29.5
1.4272836532114 10 FN -129.5 12.5 6.5
1.42925691835492 4 BN -87.5 1.5 23.5
1.43353194997455 4 FN -91.5 -0.5 21.5
1.44083391318648 7 BN -38.5 -23.5 -13.5
1.44085797051114 15 FN -127.5 2.5 7.5
1.44383301559782 2 FN 79.5 12.5 5.5
1.44641992656052 5 BN 21.5 9.5 12.5
1.44740914609285 11 FN 66.5 3.5 2.5
1.44889989344693 5 FN 24.5 10.5 10.5
1.44999194078765 12 BN 40.5 -10.5 9.5
1.4502335833946 13 BN 62.5 7.5 -7.5
1.45078978738988 13 FN 62.5 7.5 -7.5
1.45291672810299 16 BN 103.5 -5.5 -18.5
1.45527231719935 8 FN -106.5 -11.5 -23.5
1.45662858174397 11 BN 38.5 15.5 -7.5
1.45743409645562 17 BN -8.5 5.5 -3.5
1.45754355782743 8 BN -85.5 -6.5 -20.5
1.45848033768002 13 BN 79.5 -22.5 12.5
1.45890662205574 17 FN -7.5 2.5 -2.5
1.45929135675504 7 FN -36.5 -23.5 0.5
1.4596167441429 15 BN -87.5 -2.5 9.5
1.4632303213075 12 FN 41.5 -13.5 8.5
1.46384837022379 13 FN 79.5 -16.5 8.5
1.46508088959857 11 FN 30.5 18.5 -8.5
1.46622349762515 14 BN -16.5 -4.5 -5.5
1.46831182234088 13 BN -22.5 20.5 -9.5
1.46873701479418 13 FN -21.5 20.5 -9.5
1.46934829996348 12 BN 31.5 4.5 -5.5
1.47122311941858 5 BN 47.5 -1.5 16.5
1.47223056703064 11 BN 48.5 3.5 11.5
1.47340880553309 1 FN 17.5 -6.5 -17.5
1.47376332574932 10 BN -18.5 0.5 -8.5
1.474312978986 14 FN -16.5 -7.5 -1.5
1.47462498075708 1 BN 21.5 -10.5 -8.5
1.47503991404923 3 BN 116.5 18.5 -15.5
1.4770680870996 10 FN -16.5 2.5 -9.5
1.48018842950483 19 BN -110.5 -9.5 2.5
1.48186158530777 1 FN 19.5 -12.5 -5.5
1.48453724335857 5 FN 41.5 1.5 16.5
1.4847756317929 16 FN 95.5 -1.5 -2.5
1.4851201760367 5 BN 40.5 13.5 -6.5
1.48549530593855 15 FN -96.5 -8.5 14.5
1.48708930062927 15 BN -130.5 -15.5 15.5
1.48853383829576 3 FN 111.5 4.5 -14.5
1.48899162885864 2 BN 139.5 -8.5 -2.5
1.48991125388713 11 FN 48.5 1.5 14.5
1.49161280673084 4 BN -128.5 -16.5 -10.5
1.49324362167747 2 FN 139.5 -9.5 -2.5
1.49422551022552 2 BN 135.5 -17.5 6.5
1.49666631635581 5 FN 35.5 15.5 -13.5
1.49759220423431 17 BN -105.5 -1.5 -11.5
1.49860799832785 4 FN -130.5 -18.5 -10.5
1.50062912213121 2 FN 134.5 -11.5 6.5
1.5009807517928 14 BN 15.5 -1.5 -2.5
1.50199495928258 13 BN 63.5 -16.5 8.5
1.50286681813543 11 BN 27.5 -6.5 1.5
1.50361236272214 19 FN -111.5 -22.5 11.5
1.50671549700148 7 BN 60.5 20.5 11.5
1.50741056897082 15 FN -127.5 -11.5 13.5
1.50982951692251 18 BN 90.5 -12.5 10.5
1.51488365799691 13 FN 69.5 -5.5 10.5
1.51504846076761 20 BN 96.5 -18.5 7.5
1.51576970097314 16 BN 109.5 -2.5 -2.5
1.51639439692622 10 BN 116.5 16.5 0.5
1.51791911055234 8 FN -92.5 -14.5 -12.5
1.5184985988588 19 BN -70.5 20.5 20.5
1.5190119885754 10 FN 112.5 15.5 1.5
1.51912222151788 15 BN -86.5 -22.5 11.5
1.52066125129195 20 FN 93.5 -16.5 7.5
1.52239270909717 1 BN -69.5 21.5 3.5
1.52329095496033 18 FN 90.5 -18.5 16.5
1.52687067578733 2 BN 79.5 28.5 -1.5
1.52884410386562 16 FN 111.5 -7.5 -1.5
1.52927069997006 20 BN 85.5 2.5 17.5
1.53003145555523 16 BN 92.5 -0.5 -4.5
1.53005668741455 19 FN -66.5 21.5 10.5
1.53191392130523 5 BN 32.5 17.5 11.5
1.53279953196535 2 FN 77.5 29.5 3.5
1.53290096582489 14 FN 28.5 -16.5 -3.5
1.53383504121522 15 FN -79.5 -21.5 12.5
1.53528384973643 1 FN -74.5 21.5 -0.5
1.5355672124074 1 BN -77.5 24.5 2.5
1.53875015297041 2 BN 29.5 8.5 6.5
1.53996524640033 20 FN 94.5 -1.5 17.5
1.54098995087508 8 BN -22.5 -4.5 -4.5
1.54121821544019 12 FN 29.5 10.5 -10.5
1.54131461487903 7 FN 65.5 15.5 23.5
1.54522224093865 17 FN -109.5 -8.5 -12.5
1.54634234905053 1 FN -74.5 25.5 0.5
1.54772037816316 12 BN 102.5 5.5 -21.5
1.54791253858438 17 BN -109.5 -3.5 -23.5
1.55073615569826 12 FN 102.5 10.5 -23.5
1.55359820097405 8 FN -25.5 -1.5 -9.5
1.55473599222526 17 FN -109.5 -7.5 -18.5
1.55589805797525 13 BN 93.5 -19.5 -14.5
1.55684361049288 5 FN 36.5 17.5 16.5
1.55747549656667 20 BN 124.5 -15.5 -12.5
1.55882919731306 4 BN -67.5 -11.5 -27.5
1.5596555843031 11 FN 17.5 -5.5 14.5
1.55999766752484 20 FN 119.5 -14.5 -13.5
1.56073460217676 4 FN -68.5 -9.5 -26.5
1.56311446700324 1 BN -76.5 2.5 -0.5
1.56416896570391 19 BN 28.5 -14.5 20.5
1.5669304110158 19 FN 26.5 -15.5 18.5
1.56806345982797 4 BN -58.5 4.5 -13.5
1.57113316641796 7 BN -108.5 -10.5 0.5
1.57118425392138 13 FN 99.5 -25.5 -13.5
1.57180732529397 4 FN -59.5 3.5 -15.5
1.57322868260744 4 BN -47.5 -0.5 -11.5
1.57568419925652 15 BN -16.5 3.5 -0.5
1.57737794709034 11 BN -28.5 -13.5 18.5
1.57870994346805 4 FN -49.5 3.5 -5.5
1.57913512100293 16 FN 110.5 9.5 -18.5
1.58092359683748 2 FN 20.5 7.5 4.5
1.58144154177718 15 FN -8.5 4.5 0.5
1.58831187404449 14 BN 9.5 -1.5 -4.5
1.58855379505206 10 BN 7.5 -15.5 -10.5
1.58860256071038 11 FN -24.5 -9.5 22.5
1.58966415146475 1 FN -71.5 -7.5 8.5
1.59148849570858 10 FN 6.5 -15.5 -8.5
1.59340295060128 10 BN -11.5 7.5 -2.5
1.59670576946358 6 BN -80.5 20.5 -15.5
1.59755651062041 9 BN -72.5 -2.5 12.5
1.59975785155538 6 FN -82.5 21.5 -17.5
1.60843608996011 10 FN -7.5 12.5 -13.5
1.60981025983315 2 BN 19.5 11.5 -8.5
1.61322017408697 9 FN -69.5 4.5 21.5
1.61410136117635 2 FN 23.5 13.5 -9.5
1.61585837479115 5 BN -38.5 -17.5 -17.5
1.6180671610354 8 BN -81.5 -6.5 -22.5
1.62113160191649 4 BN -92.5 -6.5 -18.5
1.62172675292778 2 BN 44.5 -5.5 11.5
1.62361227064143 2 FN 43.5 -6.5 13.5
1.62363982081794 2 BN 43.5 -3.5 16.5
1.62584312747879 3 BN 128.5 -1.5 21.5
1.63102894217499 8 FN -79.5 -1.5 -23.5
1.63105040984359 4 FN -89.5 -10.5 -7.5
1.63128779932398 3 FN 132.5 1.5 21.5
1.63424340570137 4 BN -61.5 -1.5 6.5
1.63696011655898 14 FN 21.5 -8.5 -8.5
1.64012978757777 17 BN -53.5 25.5 -9.5
1.64052781868601 17 FN -56.5 27.5 -9.5
1.64433255736488 9 BN -89.5 16.5 4.5
1.64448224344561 9 FN -89.5 16.5 4.5
1.64576692311254 14 BN 51.5 9.5 -16.5
1.64633660527233 6 BN -58.5 4.5 -20.5
1.64764291849597 19 BN 63.5 -15.5 -14.5
1.64993150197374 5 FN -47.5 -3.5 -13.5
1.65314628041671 2 FN 34.5 -4.5 7.5
1.65630341887726 9 BN -100.5 12.5 21.5
1.65852002273648 18 BN -60.5 -6.5 1.5
1.65870298736226 11 BN 111.5 -6.5 -23.5
1.66177305312484 14 FN 52.5 6.5 -23.5
1.66525516006441 19 FN 57.5 -19.5 -15.5
1.66603110936558 3 BN 76.5 -3.5 -12.5
1.66662098095433 3 FN 76.5 -3.5 -12.5
1.66764336583984 14 BN 72.5 -24.5 -12.5
1.66925069572889 13 BN -48.5 -20.5 -9.5
1.66939916364441 1 BN -96.5 22.5 -16.5
1.6699526327236 17 BN 6.5 -15.5 8.5
1.67131873174619 2 BN 80.5 -24.5 16.5
1.67274665414595 18 FN -54.5 -7.5 8.5
1.67935674922124 7 FN -148.5 3.5 12.5
1.6810167752849 17 FN 14.5 -5.5 7.5
1.68274695939009 13 FN -37.5 -19.5 -0.5
1.68468859152524 8 BN -125.5 -17.5 10.5
1.68515440602364 8 FN -126.5 -16.5 9.5
1.69337806087925 6 FN -49.5 23.5 -7.5
1.69714397377085 14 FN 70.5 -17.5 -15.5
1.70265916106961 2 FN 89.5 -27.5 4.5
1.70756904743498 12 BN 67.5 -12.5 9.5
1.71112462409246 19 BN 50.5 16.5 -3.5
1.71338696945154 5 BN -50.5 -10.5 13.5
1.71453657004489 12 FN 67.5 -13.5 5.5
1.71605872559355 4 FN -42.5 -0.5 8.5
1.71814995982663 2 BN 51.5 -26.5 7.5
1.71832720197316 6 BN -113.5 -16.5 -6.5
1.71833567743574 10 BN 64.5 -29.5 -3.5
1.71864135515191 10 FN 64.5 -29.5 -2.5
1.72018941325685 6 FN -116.5 -14.5 -6.5
1.72067595147837 15 BN -120.5 1.5 18.5
1.72221302090328 12 BN 72.5 8.5 26.5
1.72483138968954 19 FN 54.5 19.5 3.5
1.72886218677384 10 BN 136.5 9.5 8.5
1.72935406225103 9 FN -81.5 3.5 18.5
1.73207299793895 9 BN -99.5 18.5 20.5
1.7326708289392 5 FN -49.5 -12.5 10.5
1.73269057796381 19 BN 70.5 -2.5 25.5
1.73717797848179 4 BN -33.5 14.5 1.5
1.73788277742263 19 FN 73.5 -7.5 28.5
1.73821665888814 3 BN 114.5 3.5 -12.5
1.74214376181707 9 FN -94.5 20.5 19.5
1.74322102565789 19 BN 32.5 -10.5 5.5
1.74534474283283 9 BN -82.5 9.5 0.5
1.74955394521202 20 BN 19.5 -1.5 -2.5
1.75037802892181 10 FN 130.5 8.5 2.5
1.75233818871852 4 FN -38.5 15.5 5.5
1.75344825536251 19 FN 32.5 -2.5 8.5
1.7536805308576 15 FN -124.5 -3.5 18.5
1.7545614678536 6 BN -52.5 -10.5 4.5
1.75500707599757 10 BN 80.5 -13.5 -10.5
1.75546794507343 16 BN 128.5 10.5 16.5
1.75606541070446 20 FN 20.5 4.5 -2.5
1.75905844693953 2 FN 61.5 -28.5 0.5
1.75924457447516 5 BN -74.5 -5.5 11.5
1.76167845498141 5 FN -71.5 -6.5 10.5
1.76294081250056 2 BN 76.5 -21.5 12.5
1.76325153582923 9 FN -83.5 18.5 -2.5
1.76374927472364 2 FN 76.5 -21.5 15.5
1.76522110022702 16 FN 126.5 8.5 19.5
1.7668636422859 12 FN 71.5 -4.5 12.5
1.76696688122039 20 BN 3.5 17.5 -4.5
1.76714741505111 10 FN 77.5 -17.5 -14.5
1.77027846830085 14 BN 71.5 18.5 3.5
1.77128280053874 5 BN -55.5 0.5 27.5
1.77175929125268 12 BN 93.5 22.5 12.5
1.77534211481712 3 FN 123.5 11.5 4.5
1.77552769607147 5 FN -54.5 -2.5 26.5
1.77620543072799 14 FN 77.5 24.5 3.5
1.7791088149172 16 BN 82.5 0.5 5.5
1.77911065575594 20 FN 2.5 17.5 -0.5
1.78087978232537 13 BN -76.5 1.5 -28.5
1.7809963895946 17 BN 82.5 -6.5 -14.5
1.78146931108402 11 FN 82.5 -6.5 -14.5
1.78221108622391 16 FN 83.5 0.5 6.5
1.78400321443129 17 FN 82.5 -12.5 -16.5
1.78628951452597 6 FN -57.5 -19.5 11.5
1.78769284921796 1 FN -56.5 18.5 -16.5
1.78778834121695 11 BN 17.5 -17.5 -11.5
1.7881968787334 8 BN -77.5 -11.5 -0.5
1.78914899852552 16 BN 42.5 3.5 4.5
1.78921465848695 2 BN -8.5 17.5 9.5
1.79529346284207 10 BN -73.5 -13.5 -14.5
1.7954950034263 13 FN -80.5 3.5 -23.5
1.79789054446199 13 BN -65.5 -5.5 -28.5
1.80161363804208 16 FN 47.5 4.5 -1.5
1.8062231767776 10 FN -72.5 -17.5 -17.5
1.80767190137693 16 BN 41.5 -21.5 -5.5
1.81051916600884 19 BN 61.5 -6.5 14.5
1.81095580248263 3 BN 61.5 -13.5 -13.5
1.81105843314083 8 FN -74.5 -13.5 2.5
1.81119136139935 16 FN 37.5 -24.5 -3.5
1.81693458111349 5 BN 21.5 14.5 14.5
1.81736966385198 12 FN 83.5 14.5 5.5
1.82778198956595 8 BN -17.5 -9.5 12.5
1.83135232280429 8 FN -17.5 -8.5 14.5
1.83173710266488 2 FN -22.5 14.5 17.5
1.83180134017476 2 BN -22.5 16.5 14.5
1.83546677758513 18 BN -139.5 6.5 18.5
1.83667874529527 18 FN -138.5 7.5 18.5
1.83705284659495 1 BN 41.5 -20.5 -6.5
1.83775614950266 16 BN -73.5 -28.5 -4.5
1.83860832016738 19 FN 48.5 -5.5 11.5
1.84390503654475 1 FN 41.5 -18.5 -0.5
1.84451997988911 1 BN 40.5 -0.5 18.5
1.8457638983137 6 BN -92.5 -20.5 15.5
1.84686451946028 15 BN -79.5 3.5 -25.5
1.847536048472 11 FN 22.5 -16.5 -16.5
1.84771638022631 7 BN 45.5 24.5 12.5
1.84780450903768 7 FN 45.5 24.5 12.5
1.84829897201683 15 FN -78.5 4.5 -27.5
1.84972907041562 6 FN -91.5 -20.5 10.5
1.85158781486349 17 BN 44.5 8.5 -12.5
1.85243556765307 10 BN -51.5 -11.5 11.5
1.8532172342748 2 FN -16.5 15.5 9.5
1.85332230911525 6 BN -71.5 -12.5 23.5
1.85390467527766 11 BN 115.5 2.5 -10.5
1.85475496300461 4 BN -122.5 -7.5 11.5
1.85501990598997 10 FN -49.5 -12.5 12.5
1.85516484710538 8 BN 46.5 17.5 -19.5
1.85522620895053 7 BN 19.5 -10.5 20.5
1.85567199918224 2 BN -2.5 13.5 -8.5
1.85687884676438 13 FN -59.5 -8.5 -15.5
1.85717680999146 15 BN -33.5 1.5 -26.5
1.85824425058092 3 FN 79.5 -3.5 -26.5
1.8616582016673 13 BN -42.5 17.5 -11.5
1.86478899628052 20 BN 137.5 10.5 -13.5
1.86580735403196 5 FN 20.5 10.5 3.5
1.86656332031206 13 FN -38.5 16.5 -9.5
1.86677381307652 10 BN -101.5 -7.5 14.5
1.86758319754075 8 FN 46.5 13.5 -15.5
1.86820138529848 11 FN 118.5 6.5 -6.5
1.86840851301404 13 BN -60.5 0.5 12.5
1.86897240966361 7 FN 21.5 -13.5 6.5
1.87001428751528 6 FN -65.5 -9.5 21.5
1.87113013593231 20 FN 135.5 6.5 -11.5
1.87338401970162 15 FN -38.5 -2.5 -19.5
1.87391405392455 15 BN -23.5 -5.5 -14.5
1.87398392959427 8 BN 45.5 -12.5 -7.5
1.87405609591803 6 BN -51.5 -21.5 12.5
1.87620824201745 12 BN -60.5 -23.5 -15.5
1.87666383724811 17 FN 50.5 12.5 -14.5
1.87934550755142 3 BN 95.5 -16.5 16.5
1.88106224059106 5 BN 103.5 12.5 -13.5
1.88378980137207 1 FN 37.5 3.5 14.5
1.88573874864008 16 FN -67.5 -21.5 -16.5
1.88880276542463 4 FN -126.5 -14.5 13.5
1.8897219938959 12 FN -66.5 -18.5 -11.5
1.89509215367333 3 FN 92.5 -19.5 13.5
1.89835976042028 2 FN 4.5 16.5 -4.5
1.90016727301959 4 BN -148.5 5.5 -13.5
1.90204500580831 12 BN -112.5 17.5 -11.5
1.90207628389044 10 FN -106.5 -5.5 15.5
1.90263745032783 10 BN -98.5 2.5 -1.5
1.90320911430182 10 FN -99.5 3.5 -0.5
1.90562130610519 15 FN 0.5 -9.5 -4.5
1.90800312090395 10 BN -123.5 11.5 0.5
1.91149476739355 7 BN -37.5 -1.5 6.5
1.91229801989129 5 FN 88.5 9.5 -10.5
1.91435042513227 5 BN 101.5 16.5 22.5
1.91675996830334 5 FN 104.5 11.5 20.5
1.9172119041146 6 FN -49.5 -13.5 18.5
1.91830422876939 11 BN 121.5 0.5 18.5
1.92384877301078 3 BN -31.5 8.5 -0.5
1.92409751116632 3 FN -31.5 7.5 -0.5
1.92515082120329 8 FN 35.5 -20.5 -9.5
1.9261598978228 3 BN -9.5 -1.5 17.5
1.92761438565202 13 FN -57.5 -12.5 -6.5
1.92780823331111 7 FN -42.5 0.5 7.5
1.929086478903 15 BN -28.5 6.5 8.5
1.92967081128969 12 FN -112.5 14.5 -22.5
1.93147253756545 10 FN -119.5 18.5 3.5
1.93164423078049 4 FN -141.5 -3.5 3.5
1.93224620749543 7 BN -65.5 26.5 7.5
1.93415522520047 15 FN -27.5 7.5 9.5
1.93700434582794 2 BN -96.5 -4.5 -3.5
1.93727955937261 11 FN 122.5 -7.5 22.5
1.94167109425465 19 BN 64.5 0.5 25.5
1.94308160035666 10 BN -91.5 -25.5 10.5
1.94600356181189 3 FN -12.5 -12.5 9.5
1.94636673492015 19 FN 63.5 -5.5 28.5
1.94750171941068 10 FN -92.5 -22.5 8.5
1.94917674110002 13 BN -40.5 -23.5 12.5
1.95104793503949 12 BN -130.5 15.5 -17.5
1.95395751147919 7 FN -64.5 20.5 -2.5
1.95639253535406 11 BN 51.5 -2.5 24.5
1.96061855638045 15 BN -116.5 -19.5 -14.5
1.96561018190316 1 BN -80.5 14.5 -18.5
1.96598685952111 13 FN -46.5 -18.5 3.5
1.97185166227925 15 FN -120.5 -13.5 -4.5
1.97267142977428 11 FN 52.5 -5.5 27.5
1.97619582938202 11 BN 60.5 -23.5 7.5
1.97685418414851 20 BN 16.5 -19.5 -7.5
1.9780464516356 11 FN 60.5 -22.5 5.5
1.97812209644295 12 FN -129.5 11.5 -13.5
1.97985379742109 16 BN -111.5 5.5 22.5
1.9810821147739 10 BN -129.5 -11.5 13.5
1.98132886166591 5 BN 82.5 16.5 6.5
1.9820039629622 5 FN 83.5 17.5 5.5
1.98300144013685 14 BN -23.5 -16.5 5.5
1.98325905020373 3 BN 46.5 -14.5 -23.5
1.98454092612894 6 BN -3.5 14.5 -7.5
1.98474930555457 16 FN -114.5 6.5 18.5
1.98523337193581 8 BN 62.5 10.5 2.5
1.98850773904449 19 BN 96.5 -18.5 13.5
1.98890468876256 14 FN -23.5 -18.5 8.5
1.98903154090273 19 FN 96.5 -20.5 14.5
1.989941209563 14 BN -21.5 -13.5 14.5
1.99050550856442 11 BN 104.5 5.5 17.5
1.99069410701638 11 FN 105.5 5.5 18.5
1.99203230334129 3 FN 44.5 -8.5 -25.5
1.99389233977796 6 FN -3.5 6.5 -7.5
1.99666871881479 20 FN 12.5 -16.5 -9.5
2.00625854619721 16 BN -109.5 22.5 -9.5
2.00632042237853 14 FN -19.5 -12.5 13.5
2.00906236332376 5 BN 137.5 -11.5 -11.5
2.00977147169908 9 BN -112.5 -14.5 -15.5
2.01117945397104 16 FN -104.5 26.5 -5.5
2.01162287709286 17 BN -82.5 -11.5 -23.5
2.01282383559252 8 FN 68.5 5.5 5.5
2.01566113450818 13 BN -35.5 -4.5 -25.5
2.01658161448479 10 FN -128.5 -14.5 13.5
2.01658262755708 18 BN 16.5 -14.5 -1.5
2.01806361437676 1 FN -79.5 11.5 8.5
2.01924589741917 10 BN -89.5 -25.5 0.5
2.02122010269738 13 FN -32.5 -2.5 -24.5
2.02135658155844 11 BN 3.5 7.5 -0.5
2.02272744428611 8 BN 32.5 15.5 16.5
2.02297468611171 13 BN -54.5 -4.5 -26.5
2.02324967652629 6 BN 51.5 0.5 -5.5
2.02368984129513 3 BN 75.5 19.5 -17.5
2.02553289484024 18 FN 13.5 -6.5 -4.5
2.02559038791431 15 BN -94.5 15.5 -9.5
2.02562291164117 17 FN -84.5 -13.5 -18.5
2.02741582898565 14 BN -34.5 -7.5 0.5
2.02805677035168 16 BN -91.5 -3.5 -16.5
2.02894610102289 5 FN 141.5 -15.5 -3.5
2.02939893004279 9 FN -116.5 -11.5 -7.5
2.02970258099089 6 FN 54.5 2.5 -6.5
2.02982146295755 9 BN -117.5 -13.5 -4.5
2.03120102042997 18 BN -38.5 -7.5 -16.5
2.03151172406473 11 FN 5.5 6.5 -0.5
2.03656140180116 13 FN -58.5 -1.5 -26.5
2.03793927312422 3 FN 79.5 18.5 -15.5
2.03800554330981 1 BN 135.5 -12.5 -5.5
2.04115914740073 5 BN 108.5 17.5 -6.5
2.04458778952714 14 FN -36.5 -7.5 3.5
2.04549832412332 9 FN -114.5 -14.5 -8.5
2.04575596118928 8 FN 33.5 17.5 17.5
2.04598136164273 9 BN -111.5 -8.5 -13.5
2.04766736231305 18 FN -36.5 -5.5 -18.5
2.04970239622449 19 BN 44.5 -15.5 0.5
2.04975893871847 2 FN -88.5 -12.5 22.5
2.05004315950409 11 BN 12.5 11.5 -16.5
2.05067342497171 1 FN 140.5 -11.5 -3.5
2.05168038747124 17 BN -109.5 19.5 -11.5
2.05188520545882 3 BN 51.5 -23.5 9.5
2.05522309194781 11 FN 10.5 13.5 -15.5
2.05669057263422 17 FN -110.5 18.5 -15.5
2.05939845160147 3 FN 53.5 -24.5 6.5
2.06012443945092 9 FN -118.5 -14.5 -16.5
2.06407347165437 15 FN -89.5 14.5 -3.5
2.07073056798399 19 FN 38.5 -1.5 -1.5
2.07122284143051 5 FN 106.5 12.5 -20.5
2.07217761155198 14 BN 59.5 -2.5 23.5
2.07264630582767 16 FN -84.5 -8.5 -21.5
2.07322805679686 18 BN -77.5 11.5 23.5
2.07837525441634 14 FN 56.5 -3.5 25.5
2.08229237390532 20 BN 138.5 4.5 -3.5
2.08238205023244 17 BN -71.5 -3.5 29.5
2.08693347023429 14 BN 47.5 -22.5 -1.5
2.08863768190626 10 FN -90.5 -25.5 10.5
2.09047361777254 2 BN -101.5 4.5 -1.5
2.0930034555964 3 BN 52.5 26.5 3.5
2.09459533846202 10 BN -27.5 -15.5 2.5
2.09559941823395 19 BN 67.5 -22.5 0.5
2.09796754908024 6 BN -134.5 0.5 -8.5
2.09971553600153 16 BN -51.5 19.5 -1.5
2.10012932225486 12 BN -85.5 -22.5 -9.5
2.10193289291332 1 BN 133.5 -9.5 -5.5
2.10374553126932 6 FN -138.5 -3.5 -5.5
2.10429200117128 6 BN -128.5 5.5 -0.5
2.1047019045156 4 BN -63.5 -15.5 2.5
2.10641760171471 12 FN -86.5 -19.5 -11.5
2.10881299616532 12 BN -82.5 19.5 21.5
2.10970668614039 20 FN 147.5 -2.5 -4.5
2.11148601753981 14 FN 44.5 -27.5 4.5
2.11196217824744 3 FN 60.5 20.5 9.5
2.11197951494759 6 FN -124.5 8.5 -1.5
2.1151420738367 10 FN -31.5 -8.5 -5.5
2.11773097890305 4 FN -64.5 -15.5 -0.5
2.11790106236837 4 BN -55.5 -16.5 -10.5
2.1212570012659 1 FN 140.5 -8.5 -4.5
2.12152476013461 19 FN 47.5 -16.5 3.5
2.12182721421095 2 FN -109.5 -7.5 3.5
2.1221877721175 19 BN 45.5 0.5 6.5
2.12318796268913 6 BN -72.5 -11.5 -9.5
2.12410527747609 18 FN -70.5 6.5 20.5
2.124266816843 18 BN -70.5 14.5 14.5
2.12495729995837 2 BN -123.5 -20.5 -7.5
2.12620793118437 10 BN -32.5 4.5 -18.5
2.12891704737081 18 FN -71.5 18.5 12.5
2.1289816348149 10 FN -34.5 4.5 -19.5
2.13051313590258 18 BN -71.5 20.5 6.5
2.1309096429499 2 FN -115.5 -23.5 -1.5
2.13261760556208 18 FN -68.5 21.5 6.5
2.13416312374712 9 BN -25.5 -17.5 11.5
2.13588377716077 9 FN -26.5 -17.5 10.5
2.13604046825058 18 BN -87.5 25.5 -5.5
2.13621928431589 16 FN -51.5 26.5 4.5
2.13663152914366 15 BN -77.5 -10.5 -14.5
2.13667013866667 18 FN -87.5 27.5 -5.5
2.13708072513933 19 FN 54.5 -6.5 1.5
2.13845314421706 15 FN -79.5 -9.5 -14.5
2.14010465513916 16 BN -80.5 24.5 0.5
2.14131976034158 7 BN -3.5 -2.5 12.5
2.14414219143045 7 FN -2.5 -0.5 13.5
2.14501281235632 13 BN 76.5 -2.5 -10.5
2.14599044699654 14 BN 106.5 17.5 -4.5
2.14674638098149 12 FN -83.5 15.5 18.5
2.14907404943195 12 BN -33.5 18.5 15.5
2.14975283349333 16 FN -70.5 20.5 0.5
2.15309094104691 11 BN 58.5 -20.5 -1.5
2.15339743839237 18 BN -24.5 20.5 -10.5
2.15469862999042 3 BN 31.5 18.5 -10.5
2.15859614984011 6 FN -74.5 -16.5 -13.5
2.15859674691297 5 BN 56.5 7.5 -5.5
2.15873313911764 16 BN -74.5 22.5 -3.5
2.16066988843216 6 BN -65.5 -12.5 -5.5
2.16618213115105 16 FN -72.5 21.5 -2.5
2.16653723353117 14 FN 103.5 12.5 -17.5
2.17031712318359 4 FN -55.5 -8.5 4.5
2.17403193199526 16 BN -54.5 7.5 -2.5
2.17509061694989 11 FN 55.5 -24.5 -7.5
2.17545836873409 11 BN 60.5 -25.5 -6.5
2.17587913316519 20 BN 52.5 -0.5 -26.5
2.17638992271728 6 FN -57.5 -15.5 -8.5
2.18346562107715 7 BN -59.5 0.5 1.5
2.18424397464889 11 FN 62.5 -25.5 -1.5
2.18713557623806 15 BN -33.5 -12.5 18.5
2.18812465855285 16 FN -51.5 -1.5 1.5
2.18827441953152 12 FN -28.5 24.5 6.5
2.18949318285248 8 BN 61.5 20.5 -1.5
2.19291083340113 5 FN 58.5 9.5 4.5
2.19358915202723 18 FN -23.5 9.5 2.5
2.19373953699528 10 BN -0.5 12.5 -9.5
2.19542818748163 1 BN -24.5 5.5 -18.5
2.19732907947007 18 BN -47.5 12.5 9.5
2.1981043280593 17 FN -97.5 7.5 16.5
2.19893277055989 13 FN 88.5 5.5 2.5
2.19920419546264 15 FN -35.5 -1.5 11.5
2.20017056280602 5 BN 28.5 14.5 -11.5
2.20090255590887 18 FN -49.5 6.5 13.5
2.20181051592174 15 BN 10.5 -20.5 -0.5
2.20251334231606 15 FN 10.5 -20.5 -0.5
2.20289425956029 8 FN 61.5 19.5 -1.5
2.20512223930768 10 FN 2.5 7.5 -14.5
2.20704665489459 9 BN 139.5 12.5 -14.5
2.20722963508091 12 BN -70.5 -15.5 20.5
2.20934610164631 5 FN 23.5 17.5 -13.5
2.2095828514463 11 BN 122.5 -22.5 11.5
2.21434493903219 7 FN -59.5 -6.5 4.5
2.21641665262114 10 BN -27.5 12.5 -13.5
2.21662985848827 11 FN 114.5 -16.5 9.5
2.22423628588768 19 BN 154.5 5.5 -2.5
2.22822022837196 20 FN 52.5 5.5 -16.5
2.22832356905986 7 BN -101.5 6.5 -5.5
2.22893442626587 20 BN 45.5 -2.5 -13.5
2.23012284500008 1 FN -25.5 -5.5 -15.5
2.23109717145542 19 FN 150.5 11.5 -2.5
2.23208446798896 4 BN -17.5 -6.5 -11.5
2.23346658217266 7 FN -102.5 2.5 -3.5
2.23392601871907 12 FN -58.5 -16.5 23.5
2.234210949365 11 BN 111.5 6.5 -8.5
2.24026686300653 12 BN -89.5 -11.5 -2.5
2.24209860081117 4 FN -16.5 -11.5 -4.5
2.242099936073 4 BN -16.5 -11.5 -4.5
2.24288416336567 2 BN -71.5 0.5 -0.5
2.24462663078554 2 FN -72.5 -0.5 -3.5
2.24612336234951 2 BN -60.5 10.5 5.5
2.24853741998842 14 BN 130.5 -8.5 17.5
2.25087065237081 18 BN -69.5 1.5 6.5
2.25160630214284 8 BN 109.5 15.5 17.5
2.25243951862257 19 BN -4.5 13.5 6.5
2.25636262130084 2 FN -53.5 8.5 8.5
2.25664417106397 11 FN 113.5 7.5 -6.5
2.25809514368325 17 BN 51.5 18.5 4.5
2.25841826762722 14 FN 132.5 -12.5 18.5
2.26011066320409 12 FN -81.5 -14.5 -10.5
2.26052156032377 12 BN -83.5 -17.5 -18.5
2.26307465559584 19 FN -7.5 16.5 5.5
2.26400486476668 20 FN 43.5 -7.5 -13.5
2.26497377412158 18 FN -77.5 0.5 9.5
2.26595361792016 4 FN -10.5 -2.5 5.5
2.26710617036487 12 FN -89.5 -20.5 -14.5
2.26779553765051 1 BN -79.5 13.5 7.5
2.26854261876772 2 BN -143.5 1.5 -8.5
2.27090670286548 17 FN 47.5 19.5 6.5
2.27343359354275 2 FN -145.5 4.5 -8.5
2.27418232004733 7 BN -53.5 -3.5 27.5
2.27546010401779 10 FN -23.5 17.5 3.5
2.27549696140057 10 BN -21.5 17.5 4.5
2.27669975947972 16 BN -73.5 -8.5 3.5
2.27903416591502 15 BN 96.5 -0.5 23.5
2.27912589657415 18 BN -113.5 17.5 4.5
2.28011431661457 6 BN -13.5 6.5 -15.5
2.28214694611747 9 FN 126.5 -13.5 -12.5
2.28347010056686 17 BN 75.5 4.5 6.5
2.28562264589039 4 BN 18.5 -3.5 19.5
2.28681339207455 10 FN -19.5 19.5 1.5
2.28723213490379 17 FN 80.5 3.5 9.5
2.28787369836754 1 FN -81.5 8.5 5.5
2.28950607243528 6 FN -16.5 4.5 -19.5
2.28966862479823 6 BN -8.5 6.5 -9.5
2.29117717106266 19 BN 11.5 -11.5 3.5
2.2930491066423 8 FN 117.5 16.5 14.5
2.2937294847918 4 FN 18.5 -4.5 14.5
2.29646053269117 8 BN 110.5 -7.5 12.5
2.29724372388659 16 FN -79.5 -3.5 9.5
2.29768623539018 3 FN 31.5 5.5 -14.5
2.29832563941189 16 BN -71.5 -13.5 17.5
2.30104953934995 1 BN -82.5 7.5 -10.5
2.30166887368987 4 BN 48.5 8.5 -4.5
2.30453596487035 6 FN -9.5 2.5 -1.5
2.30554106663105 16 FN -71.5 -18.5 19.5
2.30585080163579 1 FN -83.5 6.5 -12.5
2.30712850325161 17 BN 86.5 2.5 -14.5
2.30862768120669 7 FN -52.5 -0.5 21.5
2.31049607182839 15 FN 92.5 -2.5 22.5
2.31067422265218 17 FN 85.5 3.5 -16.5
2.31220347226991 3 BN 86.5 -24.5 -16.5
2.3163629560546 18 FN -136.5 10.5 11.5
2.32218985290154 8 FN 127.5 -6.5 8.5
2.32266171575278 2 BN -92.5 5.5 -4.5
2.32423860402656 12 BN -100.5 -2.5 10.5
2.32444388640567 20 BN -43.5 -13.5 -19.5
2.32447525413148 17 BN 26.5 -22.5 4.5
2.32497799524376 15 BN 45.5 17.5 3.5
2.32703862367585 19 FN 2.5 -7.5 -10.5
2.32970255853986 10 BN 68.5 20.5 -17.5
2.33179355203261 20 FN -42.5 -11.5 -23.5
2.34351841826244 13 BN 39.5 -8.5 -8.5
2.34399433410145 10 FN 71.5 17.5 -15.5
2.34429154629944 11 BN 119.5 -7.5 -13.5
2.34519810306503 2 FN -92.5 -2.5 -4.5
2.34524221622159 16 BN 11.5 15.5 -5.5
2.34659352803202 10 BN 63.5 9.5 -14.5
2.34678448819109 9 BN 97.5 -13.5 7.5
2.34728086649612 16 FN 13.5 20.5 -4.5
2.34789563090663 1 BN -33.5 10.5 -0.5
2.35125530096759 12 FN -107.5 3.5 3.5
2.35520907563346 1 FN -36.5 9.5 1.5
2.35580466709341 14 BN 107.5 -7.5 -20.5
2.35586466149373 2 BN -78.5 8.5 -8.5
2.35631923351671 11 FN 117.5 -11.5 -8.5
2.35800676004644 15 FN 43.5 18.5 5.5
2.35862171405026 11 BN 53.5 -12.5 -3.5
2.35965461295655 13 FN 33.5 -7.5 -12.5
2.35998684004323 15 BN 46.5 11.5 17.5
2.36072663756131 3 FN 81.5 -28.5 -2.5
2.36109761391351 17 FN 27.5 -20.5 6.5
2.36443205636781 10 FN 66.5 8.5 -22.5
2.36443633151717 6 BN 118.5 -6.5 20.5
2.3653810180089 11 FN 51.5 -15.5 -8.5
2.36585571155704 15 FN 46.5 13.5 12.5
2.36705177991551 12 BN -126.5 0.5 -14.5
2.37469570990606 17 BN 65.5 -0.5 29.5
2.37571619206928 8 BN 136.5 -14.5 -1.5
2.37724859705006 8 FN 136.5 -15.5 -2.5
2.38067243548144 5 BN -147.5 7.5 9.5
2.38130925914039 16 BN 29.5 -5.5 -22.5
2.38215771476414 3 BN 103.5 -7.5 24.5
2.38334578203928 13 BN 40.5 -7.5 -22.5
2.38579433708739 6 FN 120.5 7.5 6.5
2.38671259612704 16 FN 34.5 -6.5 -23.5
2.38715039164655 13 FN 42.5 -10.5 -20.5
2.3892114210732 17 FN 67.5 0.5 27.5
2.3908361756888 14 FN 117.5 -11.5 -15.5
2.39153031157747 12 FN -114.5 -0.5 -0.5
2.39224677418911 17 BN 40.5 -0.5 24.5
2.39361583935713 5 FN -148.5 11.5 11.5
2.39897129624023 1 BN -7.5 -1.5 -12.5
2.40278806207921 3 FN 104.5 0.5 24.5
2.40327869740547 17 FN 40.5 -6.5 19.5
2.40409914728367 2 FN -88.5 4.5 1.5
2.4044569706943 9 FN 99.5 -6.5 19.5
2.40475723405221 2 BN -87.5 10.5 9.5
2.40518066585704 5 BN -152.5 10.5 -3.5
2.40586647261085 5 FN -152.5 10.5 -3.5
2.40756957814748 17 BN 37.5 -14.5 -2.5
2.40839972210843 2 FN -93.5 11.5 6.5
2.40889447855359 4 FN 49.5 8.5 -13.5
2.40891738175836 15 BN 51.5 -4.5 -9.5
2.40914744828169 16 BN -21.5 0.5 -1.5
2.40994200152914 9 BN 129.5 -21.5 -4.5
2.41076884950805 19 BN 25.5 17.5 9.5
2.41108179610111 1 FN -1.5 -7.5 -3.5
2.41142324257723 15 FN 53.5 -2.5 -11.5
2.4135211302302 9 FN 127.5 -21.5 -4.5
2.41444206369552 16 FN -20.5 7.5 3.5
2.4181255716874 2 BN -83.5 -16.5 15.5
2.41827911637119 15 BN 42.5 4.5 -9.5
2.41931114015465 9 BN 95.5 -7.5 2.5
2.4221245701978 15 FN 41.5 2.5 -7.5
2.42265317589552 15 BN 25.5 14.5 3.5
2.42290942274396 20 BN 80.5 21.5 3.5
2.42524717964651 16 BN -21.5 -4.5 -11.5
2.42938651121366 14 BN 61.5 9.5 1.5
2.43386820159071 8 BN 152.5 4.5 -8.5
2.43408779148101 10 BN -126.5 -2.5 16.5
2.43539309145415 14 FN 58.5 9.5 -0.5
2.43620022504741 4 BN -19.5 -14.5 -6.5
2.43818273856553 7 BN -73.5 -28.5 8.5
2.4384577466267 17 FN 38.5 -8.5 -10.5
2.44240735793325 2 FN -74.5 -19.5 16.5
2.44319098002695 13 BN 91.5 -6.5 8.5
2.44577141279505 4 FN -19.5 -18.5 -9.5
2.44768907387238 1 BN -59.5 16.5 -14.5
2.45368163784092 3 BN 121.5 23.5 9.5
2.4583909165837 16 FN -15.5 -13.5 -10.5
2.45968687496004 19 FN 34.5 22.5 14.5
2.46154481454337 19 BN 6.5 14.5 6.5
2.46238376341602 15 FN 18.5 16.5 -3.5
2.46485993363692 3 FN 122.5 17.5 6.5
2.46692148951434 8 FN 155.5 -2.5 -10.5
2.47136923882629 15 BN 26.5 23.5 -3.5
2.47543970215231 19 FN 16.5 19.5 10.5
2.47563369088321 7 FN -63.5 -14.5 5.5
2.47573898311288 9 FN 84.5 -10.5 0.5
2.47625580183263 7 BN -68.5 0.5 19.5
2.47932825038019 11 BN 7.5 -19.5 0.5
2.4802680870107 15 FN 21.5 17.5 -8.5
2.48172146510739 2 BN 32.5 17.5 17.5
2.48178729479178 20 FN 82.5 14.5 -16.5
2.48192763384772 20 BN 93.5 16.5 -22.5
2.48280943698902 2 FN 29.5 17.5 16.5
2.4839968460216 2 BN 34.5 -0.5 15.5
2.48457681173167 13 FN 102.5 -14.5 -6.5
2.48521481947054 2 FN 36.5 -0.5 14.5
2.48558833212481 19 BN -25.5 2.5 -9.5
2.48875228269969 19 FN -26.5 -0.5 -10.5
2.48878505660837 11 FN 6.5 -18.5 -1.5
2.48889794145731 7 FN -69.5 -4.5 20.5
2.48989051079797 1 FN -66.5 14.5 -14.5
2.49072401032855 16 BN 27.5 -5.5 -1.5
2.49116919010349 12 BN -25.5 -17.5 -14.5
2.49156157243215 7 BN -69.5 11.5 23.5
2.49160852721875 2 BN 66.5 -16.5 -21.5
2.49182770170311 1 BN -63.5 13.5 -5.5
2.49300297272285 18 BN -71.5 1.5 -3.5
2.49523878540401 16 FN 27.5 -1.5 -3.5
2.49662269647565 10 FN -132.5 -1.5 8.5
2.4985354184646 7 FN -69.5 10.5 21.5
2.49859918325481 6 BN 99.5 -5.5 -8.5
2.50016690553313 1 FN -61.5 6.5 -5.5
2.50219610487824 2 FN 63.5 -24.5 -15.5
2.50342052955536 15 BN 51.5 26.5 10.5
2.50575236199963 18 FN -78.5 8.5 -1.5
2.50652529711209 9 BN 71.5 18.5 9.5
2.50784767239896 9 FN 71.5 18.5 8.5
2.51675731787953 15 FN 51.5 23.5 13.5
2.51896174833268 2 BN 66.5 16.5 -9.5
2.51997074092497 14 BN -20.5 14.5 -11.5
2.52078623976024 10 BN -146.5 -3.5 -6.5
2.52119980248439 3 BN -54.5 3.5 -15.5
2.52522707948441 10 FN -149.5 -7.5 -6.5
2.52530802443446 17 BN 67.5 -9.5 15.5
2.52536414712418 13 BN -33.5 -0.5 19.5
2.52549053225749 15 BN 48.5 19.5 18.5
2.52583968666924 12 FN -38.5 -14.5 -13.5
2.52624068921915 16 BN 104.5 15.5 -8.5
2.5274076718035 2 FN 67.5 13.5 -4.5
2.52797959089096 15 FN 47.5 21.5 18.5
2.52928782194188 15 BN 46.5 1.5 6.5
2.52958214989764 3 FN -50.5 -1.5 -9.5
2.5296359228292 16 FN 104.5 10.5 -13.5
2.52964341698402 6 FN 99.5 -11.5 -7.5
2.53018530879542 16 BN 114.5 -19.5 -10.5
2.53182807675987 17 FN 70.5 -9.5 13.5
2.5334826476081 18 BN -62.5 -17.5 -3.5
2.53532907798598 15 FN 43.5 0.5 4.5
2.53635933192089 15 BN 62.5 7.5 15.5
2.53777966195165 6 BN 154.5 6.5 -7.5
2.53799800061066 12 BN -83.5 -6.5 14.5
2.53849098102501 18 FN -60.5 -14.5 -2.5
2.53950216733979 18 BN -49.5 -16.5 -21.5
2.54281941093643 18 FN -49.5 -18.5 -21.5
2.54437543939379 9 BN -5.5 11.5 -10.5
2.5477711103875 16 FN 125.5 -15.5 -14.5
2.55004716715752 10 BN -76.5 -28.5 8.5
2.5529455944977 19 BN 34.5 21.5 7.5
2.55319612849617 3 BN -15.5 -11.5 18.5
2.5534435322395 1 BN -61.5 -9.5 7.5
2.55608523711739 14 FN -18.5 14.5 0.5
2.55744321757487 7 BN 38.5 -5.5 23.5
2.55784108404655 4 BN -139.5 7.5 -9.5
2.55981969179211 3 FN -14.5 -11.5 17.5
2.56086010514526 15 FN 67.5 9.5 10.5
2.56092044197669 3 BN -18.5 7.5 17.5
2.56545475079549 1 FN -59.5 -8.5 10.5
2.56669604569157 7 FN 35.5 -6.5 15.5
2.56925741161358 15 BN 115.5 14.5 10.5
2.57015831641894 7 BN 35.5 -20.5 -7.5
2.5731364704737 1 BN -111.5 -10.5 19.5
2.57470900476774 3 FN -14.5 4.5 11.5
2.57572367258905 15 FN 115.5 15.5 7.5
2.57808742707082 4 FN -129.5 16.5 -10.5
2.58101588716977 13 FN -31.5 -12.5 15.5
2.58113604214941 2 BN 127.5 -21.5 -3.5
2.58247543952983 13 BN -29.5 -2.5 16.5
2.58429233560581 20 FN 104.5 15.5 -5.5
2.58731844368401 20 BN 119.5 20.5 -6.5
2.58779919317851 15 BN 74.5 26.5 -9.5
2.58798490354141 13 FN -29.5 -0.5 14.5
2.59023832156257 20 FN 121.5 20.5 -6.5
2.59157613286331 4 BN -139.5 -4.5 15.5
2.59201064166337 10 FN -80.5 -22.5 15.5
2.59255221768308 4 FN -138.5 -2.5 13.5
2.59316175323078 2 FN 124.5 -17.5 -5.5
2.59322203795936 7 FN 28.5 -20.5 0.5
2.59426321449039 1 FN -100.5 -16.5 18.5
2.59563676457409 7 BN 5.5 -2.5 11.5
2.59727630805512 9 FN 14.5 10.5 -16.5
2.59732096304504 20 BN 95.5 -8.5 17.5
2.59868091929586 17 BN -8.5 -12.5 -4.5
2.59936944020786 8 BN 145.5 8.5 13.5
2.60382580126334 8 FN 148.5 1.5 15.5
2.60481198723459 3 BN -26.5 -12.5 -7.5
2.60507895326508 10 BN -81.5 -22.5 -0.5
2.60750033629962 7 FN 5.5 -3.5 16.5
2.60922472974578 9 BN 10.5 4.5 -12.5
2.61165394041155 15 FN 70.5 27.5 -0.5
2.61307027560354 14 BN -107.5 -14.5 -8.5
2.61604491362729 14 FN -106.5 -16.5 -9.5
2.61610121909305 14 BN -102.5 -17.5 -14.5
2.61696490573971 14 FN -100.5 -19.5 -13.5
2.61736721848096 14 BN -96.5 -16.5 -12.5
2.61960414583997 14 FN -95.5 -16.5 -12.5
2.62056529094093 13 BN -27.5 -6.5 -0.5
2.62330530229727 16 BN 122.5 11.5 -10.5
2.62860182501378 15 BN 75.5 19.5 15.5
2.62878849285384 16 FN 124.5 17.5 -10.5
2.628820992553 16 BN 122.5 17.5 -12.5
2.6298570472236 17 FN -14.5 -11.5 -9.5
2.63044904496941 16 FN 124.5 19.5 -12.5
2.63078674794072 20 FN 83.5 -6.5 4.5
2.63326825918359 16 BN 132.5 2.5 -16.5
2.6335382820656 15 FN 72.5 19.5 19.5
2.6354168468378 4 BN -69.5 13.5 -15.5
2.63542722696997 14 BN -46.5 7.5 25.5
2.63654566589274 19 FN 11.5 -5.5 13.5
2.63669058929046 16 FN 133.5 4.5 -16.5
2.63958736808869 9 FN -2.5 13.5 -7.5
2.64043135925837 14 FN -46.5 12.5 25.5
2.64106600502055 1 BN -75.5 -4.5 -3.5
2.64239349179462 10 FN -71.5 -29.5 -2.5
2.64285718752496 13 FN -16.5 -1.5 -6.5
2.64335051064857 1 FN -74.5 -4.5 -4.5
2.6453854219187 4 FN -67.5 17.5 -17.5
2.64715439966029 4 BN -55.5 2.5 -16.5
2.64753143839102 16 BN 96.5 20.5 -13.5
2.64795636063201 3 FN -34.5 -4.5 -4.5
2.64833923869362 18 BN 36.5 -19.5 -12.5
2.64874187237636 1 BN -114.5 20.5 -0.5
2.65202113089089 19 BN 56.5 -3.5 -3.5
2.65340312187728 6 FN 150.5 3.5 -13.5
2.65354778238666 4 FN -57.5 7.5 -12.5
2.65501225463979 14 BN -33.5 22.5 -3.5
2.65532321688109 3 BN -35.5 3.5 -20.5
2.65716313391387 16 FN 100.5 17.5 -19.5
2.66190451600658 2 BN 49.5 19.5 -2.5
2.663667814861 7 BN 58.5 28.5 6.5
2.6643180217675 7 FN 58.5 28.5 6.5
2.67202885775727 19 FN 55.5 -4.5 -16.5
2.67238393168008 12 FN -90.5 11.5 26.5
2.67369369542284 20 BN 103.5 -10.5 -10.5
2.67603407917984 1 FN -113.5 19.5 -3.5
2.67859107422275 2 FN 45.5 13.5 6.5
2.67928529905118 20 FN 98.5 -5.5 -7.5
2.68147530786685 19 BN 86.5 0.5 -8.5
2.6818598038377 3 FN -29.5 16.5 -19.5
2.68200507550236 9 BN -30.5 6.5 4.5
2.68384116039672 7 BN -20.5 -5.5 -6.5
2.68589361533103 18 FN 41.5 -8.5 -6.5
2.68977865565023 20 BN 34.5 -20.5 -16.5
2.69155901480256 2 BN 25.5 8.5 -12.5
2.69453213068227 15 BN 45.5 17.5 1.5
2.69612484174421 16 BN 145.5 16.5 5.5
2.69845533632369 16 FN 145.5 15.5 3.5
2.69904133374741 19 FN 85.5 1.5 -8.5
2.6997427719638 11 BN 84.5 -28.5 -1.5
2.70082798269635 1 BN -112.5 15.5 -9.5
2.70248023295776 7 FN -30.5 -7.5 1.5
2.70484992804231 15 FN 45.5 23.5 7.5
2.70486571503413 11 FN 84.5 -29.5 1.5
2.70535340001902 7 BN -10.5 -1.5 -10.5
2.7067013394185 15 BN 45.5 7.5 -10.5
2.70673211079172 5 BN -137.5 -13.5 -16.5
2.70695053776887 16 BN 103.5 -0.5 -13.5
2.70706373173959 9 FN -28.5 -1.5 11.5
2.70800218139839 13 BN -25.5 6.5 0.5
2.7086930645189 13 FN -26.5 7.5 -0.5
2.70890303688649 5 FN -136.5 -13.5 -14.5
2.71039530257858 10 BN -138.5 -12.5 9.5
2.710853885346 15 FN 48.5 5.5 -15.5
2.7119657923183 15 BN 39.5 -6.5 7.5
2.71295029857886 4 BN -83.5 -10.5 17.5
2.71338272138061 13 BN -23.5 5.5 -16.5
2.71348818312993 20 FN 32.5 -11.5 -2.5
2.71411882515299 9 BN 22.5 0.5 -7.5
2.71478551789895 8 BN 18.5 -17.5 14.5
2.71612229793604 9 FN 21.5 -1.5 -4.5
2.71649720722491 9 BN 24.5 0.5 -10.5
2.71682954482041 11 BN 83.5 -20.5 16.5
2.71732641746242 15 FN 40.5 -4.5 3.5
2.71786812116528 16 FN 97.5 0.5 -17.5
2.71866556929428 18 BN 10.5 -5.5 14.5
2.71872046292042 15 BN 37.5 -10.5 -17.5
2.72090717153738 1 FN -118.5 9.5 -7.5
2.72225535185483 3 BN 31.5 6.5 10.5
2.72555669529708 13 FN -17.5 11.5 -16.5
2.72580754451627 15 FN 33.5 -12.5 -12.5
2.72972648860154 5 BN -145.5 -2.5 -2.5
2.73088852039531 18 FN 5.5 2.5 9.5
2.73293396740927 13 BN -70.5 -14.5 20.5
2.73350591100416 10 FN -142.5 0.5 11.5
2.73594917317168 20 BN 5.5 3.5 -15.5
2.73646806669807 4 FN -83.5 -16.5 13.5
2.73751444662472 12 BN -84.5 -22.5 17.5
2.74148821304811 18 BN 32.5 7.5 1.5
2.74242447882797 11 FN 72.5 -23.5 10.5
2.74284759522907 6 BN 123.5 -10.5 16.5
2.74536045479413 2 FN 22.5 15.5 -16.5
2.74577285956767 15 BN 79.5 -7.5 17.5
2.74588490898138 3 FN 32.5 14.5 6.5
2.74612861514559 5 FN -149.5 -5.5 -7.5
2.74698981436798 7 FN 4.5 -11.5 -13.5
2.74725611962641 6 FN 116.5 -8.5 16.5
2.74949071218466 16 BN 130.5 7.5 20.5
2.74979092774774 19 BN -80.5 -14.5 13.5
2.75467325133121 9 FN 25.5 -8.5 -3.5
2.75468097455038 14 FN -54.5 7.5 -12.5
2.7587687319546 14 BN -23.5 -14.5 6.5
2.7598732096161 5 BN -40.5 2.5 0.5
2.76013318989957 1 BN -69.5 -9.5 -14.5
2.76156865808616 5 FN -39.5 1.5 2.5
2.76355316927577 20 FN 7.5 -11.5 -13.5
2.76356370143774 5 BN -50.5 -22.5 6.5
2.763983233154 7 BN 127.5 4.5 9.5
2.76417138433107 19 FN -80.5 -22.5 16.5
2.76559839929256 19 BN -97.5 -11.5 -6.5
2.76649495095273 15 FN 81.5 -7.5 14.5
2.76915000035624 4 BN -122.5 5.5 11.5
2.77261083556443 16 FN 134.5 9.5 16.5
2.77422094606446 13 FN -69.5 -11.5 24.5
2.77612863239845 9 BN -54.5 4.5 21.5
2.77646886485503 20 BN 30.5 -2.5 -23.5
2.77714607823387 5 FN -51.5 -25.5 11.5
2.77767680092718 7 FN 127.5 14.5 10.5
2.77779828989694 7 BN 132.5 17.5 13.5
2.77943900672868 14 FN -24.5 -20.5 7.5
2.78363351656163 16 BN 104.5 21.5 6.5
2.78686838684809 8 FN 31.5 -17.5 11.5
2.78814767878355 12 FN -89.5 -4.5 26.5
2.78943824929851 4 FN -129.5 16.5 7.5
2.7912504581938 19 FN -93.5 -16.5 -6.5
2.79495597938537 3 BN 3.5 4.5 -16.5
2.79685990086635 18 FN 27.5 -1.5 9.5
2.79725612050516 12 BN -82.5 -1.5 -8.5
2.7991602077 16 FN 93.5 22.5 2.5
2.8009807752976 4 BN -136.5 4.5 10.5
2.8015806231719 20 FN 22.5 -0.5 -21.5
2.80824647218387 3 FN 5.5 5.5 -17.5
2.8093578384613 18 BN -13.5 -10.5 -4.5
2.81006739535328 3 BN -5.5 -1.5 -7.5
2.81075452821292 2 BN 133.5 12.5 -16.5
2.8123079150475 16 BN 100.5 -19.5 -20.5
2.81602936194525 3 FN -5.5 -1.5 -11.5
2.81605871059784 17 BN 76.5 -2.5 13.5
2.81983502868976 3 BN -37.5 -19.5 -9.5
2.82029515131236 4 FN -138.5 9.5 18.5
2.82429174914926 5 BN 19.5 -8.5 20.5
2.82438975931151 17 FN 75.5 -2.5 10.5
2.82810715821941 7 FN 126.5 4.5 17.5
2.82902044717287 7 BN 124.5 -0.5 21.5
2.82921091198229 3 FN -39.5 -22.5 -2.5
2.82964193287856 5 FN 27.5 -9.5 17.5
2.8301055088166 9 FN -65.5 11.5 12.5
2.83149596732214 16 FN 100.5 -18.5 -20.5
2.83268566649522 13 BN 99.5 1.5 -22.5
2.83340508299866 2 FN 131.5 13.5 -13.5
2.83439915905538 17 BN 44.5 -9.5 14.5
2.83807009125964 15 BN 70.5 -15.5 -15.5
2.84406689715042 13 FN 98.5 3.5 -22.5
2.84540556305637 7 FN 120.5 -10.5 18.5
2.84587135983081 7 BN 105.5 -12.5 11.5
2.84647420823838 3 BN 1.5 5.5 -10.5
2.84671530764487 7 FN 105.5 -12.5 10.5
2.84804137514844 7 BN 78.5 -8.5 25.5
2.84912557049581 12 FN -93.5 -1.5 12.5
2.85015365268208 11 BN -72.5 -0.5 27.5
2.85056131893448 19 BN -116.5 -18.5 15.5
2.8520501867355 7 FN 74.5 -10.5 24.5
2.85225062548587 14 BN -16.5 0.5 -18.5
2.85416724734634 19 FN -111.5 -17.5 16.5
2.85638155078533 1 FN -79.5 -0.5 -24.5
2.85681041172281 17 FN 41.5 -18.5 14.5
2.85810771657036 14 FN -15.5 4.5 -17.5
2.85827142216542 12 BN -33.5 13.5 0.5
2.86229779425011 8 BN 57.5 12.5 -24.5
2.86573994282026 8 FN 53.5 8.5 -23.5
2.87138395501992 9 BN -69.5 3.5 29.5
2.87304543727085 9 FN -72.5 1.5 28.5
2.87719666127699 8 BN 72.5 15.5 -12.5
2.88134215538076 12 FN -36.5 8.5 14.5
2.88403374166485 15 FN 62.5 -15.5 -23.5
2.88473311880395 8 FN 72.5 11.5 -6.5
2.88537238669826 8 BN 67.5 10.5 -16.5
2.88725598148532 9 BN -91.5 1.5 3.5
2.88741091095784 5 BN 99.5 -22.5 -13.5
2.88743583822547 13 BN 84.5 12.5 24.5
2.8887513203981 3 FN -3.5 -6.5 -7.5
2.88891145832223 13 FN 86.5 12.5 25.5
2.89028203103305 18 FN -24.5 -11.5 12.5
2.89183883731994 9 FN -89.5 -2.5 6.5
2.89443374827804 14 BN -97.5 16.5 -20.5
2.89622708725976 17 BN 71.5 21.5 17.5
2.89859616424912 18 BN -75.5 -12.5 9.5
2.9013223296295 12 BN 5.5 -16.5 -8.5
2.90171611767809 8 FN 67.5 13.5 -21.5
2.90389985389743 3 BN 29.5 5.5 9.5
2.90493212227763 2 BN 130.5 -20.5 -11.5
2.90621776821384 19 BN 37.5 -24.5 -1.5
2.90729178233523 14 FN -99.5 19.5 -16.5
2.90846189643754 18 FN -82.5 -18.5 9.5
2.90855143227855 5 FN 98.5 -17.5 -13.5
2.90947794015076 8 BN 63.5 -1.5 25.5
2.91134572942909 8 FN 62.5 1.5 25.5
2.91209684302966 13 BN 91.5 20.5 19.5
2.9135633875386 15 BN 147.5 13.5 6.5
2.91385683142145 16 BN 50.5 -10.5 3.5
2.91572877926815 13 FN 89.5 18.5 22.5
2.91603434954868 2 FN 122.5 -16.5 -7.5
2.92099112889679 15 FN 150.5 15.5 3.5
2.92125066730358 5 BN 64.5 -11.5 25.5
2.92476132346356 1 BN -9.5 8.5 -10.5
2.92665632883028 17 FN 91.5 20.5 13.5
2.92695091344238 12 FN 14.5 -12.5 -9.5
2.92833269617915 15 BN 152.5 2.5 -11.5
2.9293637619935 20 BN 16.5 7.5 -20.5
2.93202842535918 3 FN 32.5 7.5 6.5
2.9323362724504 5 FN 66.5 -13.5 25.5
2.93843461755826 3 BN 40.5 15.5 4.5
2.94090420296005 3 FN 41.5 18.5 0.5
2.94141658685733 20 FN 25.5 2.5 -13.5
2.94447754241876 19 FN 30.5 -19.5 14.5
2.94542414649281 11 FN -87.5 11.5 0.5
2.94595574058689 20 BN 62.5 -14.5 -0.5
2.94812943246165 20 FN 59.5 -14.5 -0.5
2.94835066741863 20 BN 53.5 -25.5 1.5
2.94960995649832 20 FN 52.5 -23.5 -3.5
2.95164627559628 12 BN -9.5 -2.5 -11.5
2.95445798295334 2 BN 72.5 11.5 -23.5
2.95787730443453 3 BN 45.5 20.5 -2.5
2.96361785739511 1 FN -4.5 7.5 -2.5
2.96399394015076 12 FN -8.5 5.5 -18.5
2.96457284717485 2 FN 70.5 10.5 -25.5
2.96694527374425 13 BN 61.5 -7.5 -27.5
2.96906017965268 11 BN -46.5 -25.5 -1.5
2.97032447095841 4 BN 152.5 -2.5 -13.5
2.97470596265397 13 FN 58.5 -6.5 -25.5
2.97701191183229 15 FN 150.5 -8.5 -12.5
2.97959269086921 12 BN 23.5 -1.5 10.5
2.98067389044692 3 FN 40.5 19.5 6.5
2.98313871763119 17 BN 77.5 -12.5 -23.5
2.98348976550533 16 FN 29.5 4.5 18.5
2.98534601069197 4 FN 152.5 -1.5 -2.5
2.9870281451004 8 BN 125.5 -3.5 -10.5
2.9870616942286 8 FN 125.5 -3.5 -10.5
2.99123694001698 12 FN 26.5 1.5 9.5
2.99528813132504 16 BN 47.5 -26.5 -5.5
2.99544640757618 16 FN 47.5 -26.5 -5.5
2.99593659654233 2 BN 135.5 -3.5 7.5
